17295521
49668114
58819569
50097719
97543299
64447887
88017906
100081248
76072237
12820160
128602205
75009949
72035853
106572455
30413037
47713416
40245368
134335700
18426908
21333958
107957045
31269243
38474573
14759549
62700785
16187994
79783715
9654062
56185605
11334319
40586813
30230031
134238149
109815034
22732154
43260812
17143191
11163877
10591292
33112766
17295503
11489060
18425270
81317432
118144795
76072234
47713363
19340343
17837127
7740622
75215091
48218955
39172987
70636609
78416382
131393091
71857723
116173981
30413033
132966786
45814116
35062954
66432087
47713194
52821391
44910677
19337849
42376926
30727301
56988335
17994023
60257414
135903650
51160881
14716400
30230155
51589765
18138571
117678359
117239352
15026657
70416267
54345112
63297946
126193013
76239414
34531305
12820158
62913745
50965854
11489035
66007554
42870006
11401565
127425822
45132882
50097723
19117623
132118384
106724862
58633838
71057583
10518927
129141627
18261171
75628691
70835680
47713076
42575741
43260809
45312844
62073564
10591424
50332768
118258990
22023280
44329244
114404057
14039188
18426258
20752671
123047300
76072235
74110743
133043343
56567428
54345108
11401566
116174857
134138799
51999400
118371133
37911598
103543763
10468965
54770025
10077297
45814115
15030252
87819527
76826289
38126274
15760551
20508619
19945311
132625847
97948670
20509258
18426250
118259081
66007847
15025926
78036772
63298032
16080548
25746346
20076929
12759911
48219783
29347613
14716571
73709909
72864692
10008096
125347400
96433082
115023211
95619040
75009945
114902408
104888657
64447507
35247993
32593324
124033649
19176365
26562647
114064431
47550650
87234893
61232358
107826284
118370585
34531334
14944364
15774915
12759532
42737143
106572322
10370757
26402918
129376036
18829320
59863216
41133497
77632766
16077060
27011642
82473872
39719352
55335509
43651304
34892160
49668967
46191733
73709908
64447561
98112889
134238178
50097973
69580647
105261239
28370410
13057107
15988230
131296834
63298139
57399665
20509248
18138580
64893760
43260864
115944214
35247981
20077043
122123903
11489059
116290156
86846446
10322746
126403539
50097720
43454126
64680229
19626815
91398759
121191435
17808342
15760067
38474577
122123597
20368839
131687782
15988238
123047393
19340346
15310234
34195045
122345947
107829449
54770023
121894418
17836746
57790542
45312845
20508612
16080541
80760074
51377388
20077042
10215100
13526551
11488921
133672335
47713365
30558854
100487946
46757656
45813029
12759536
66007708
17295501
73945468
74583522
10723482
48218725
43454150
118259148
65580590
49666829
30921502
116874144
30727314
9693895
34710292
47101830
34891631
106572323
44909681
10604438
47713418
10293268
47101792
33799368
51377397
74110389
32911691
11334230
27011643
43927437
114901604
43798463
50098113
70836045
11222075
10722243
10077298
29347726
111408746
18829299
61879038
46372674
64206818
27406893
19339128
101612340
17996628
111763032
48218737
59639269
29868470
18138573
115599312
44770649
41133498
35247991
18260565
130998445
71206045
10722236
103156443
111529375
50332765
135720699
62237958
71472182
30229951
135331048
14759550
115122727
115122693
43454433
13056327
74110744
75628690
28563973
33651061
30229955
108376553
66859265
56988334
18122066
28564178
18225500
33651173
20896291
72678856
50505931
73709943
43454280
133195835
17836527
106724968
12601741
125757180
58633149
65789464
11079040
19209574
115122539
71471637
66216067
59862749
108376590
61232363
116874195
109676387
17442145
19209575
74380683
12759531
21334937
74110384
47550648
116997713
47550655
11334030
109052789
69168658
59038204
37018129
134430559
62237960
60073436
29348009
29347839
108112926
29674527
52821795
27406889
56573696
135440227
43454127
107829029
58200974
69371701
59221090
15515704
115354625
35406986
12706933
92662266
29868474
9693687
30558850
61479596
43651313
15519421
61232191
79783716
43058357
55973913
58819567
52821983
10866607
11333925
15515967
79600807
118259767
14716041
67074485
29225310
56573688
7942064
56786861
21174127
126486800
14716568
86426790
45490392
110293856
56385443
11333969
68702786
15024483
46190785
73709686
130071540
123947043
117909085
45132878
32086558
12759743
25607510
51767757
116754642
56786859
19626801
15988472
10370783
70416079
77235017
15642908
45311986
32086562
13334971
104302762
44910686
51160882
123047041
13225424
16189831
124555786
61232189
70835689
17143337
107139473
83663888
17442143
39172990
12759530
15515710
46191725
11577535
132625892
61682068
123046995
11334324
105790542
10293267
22023272
22732075
19337855
17143193
119703207
59639163
17996627
27235067
19339130
16080554
10958854
133043342
15144071
74110515
10723434
46588583
18674598
69371824
104888658
14715875
128384181
69580867
82088135
111763154
61681915
42177422
28066868
38126273
15644272
73282539
18260569
46372779
11163876
51377393
48218735
43454155
132894426
126486799
47713417
18829428
42736867
27406906
107829451
69580649
107278233
100678154
63115073
110068147
10788580
61879039
70636769
123548306
72417487
120948617
18674338
116754641
61090177
28732658
11334128
27011644
49270941
70835805
58403841
46757655
104302757
70194304
48899021
11333971
18225505
73709687
111408916
38474571
62913743
27234775
59415211
124132935
49666831
59038207
17837130
117239282
133195838
103922084
71618592
15774922
10293271
15025929
71057684
12759908
122236675
107957044
58819639
104106297
128078628
16188000
135624950
15355820
20368823
69371559
114899848
30229957
79979311
20508616
18261174
61226887
21433770
39172992
54345118
65129487
19802431
127570262
42871158
51160880
21033612
58633839
18427392
109943843
87614863
47550652
75419599
59221281
42870266
133465758
15024482
68702789
124133100
34710290
133465757
30230028
60073435
63482049
19208444
119580557
13335042
40362626
39021000
97391479
105631809
76826394
108514793
71857213
21033611
90582984
33651178
12760069
70194171
117790963
10215099
46372778
60257138
108515241
108641842
11576231
133775365
69168955
132294127
128715603
32086560
11334318
43454434
62913913
10077310
16189823
26091838
11163036
89000506
59863217
16188002
69580869
18674511
30230304
13057097
70417343
89196796
69371491
16068965
42376917
28861784
30727482
58819315
9545167
15760032
10370710
39892102
103727458
43454432
48064499
117582243
114902407
10293269
10468809
43058600
10604428
19340084
103544067
117239372
26562485
11222011
135242094
44174675
97948666
134138490
30413032
9693638
53842819
29674939
89196798
16069120
68988053
49271000
17836086
118367376
130678463
124801614
53842821
20753518
20639392
14944359
87234894
108641652
59038551
120948616
41645522
11576234
12821139
87614864
80160140
80938723
115023063
22669905
132208696
13056879
111763012
31908629
66598794
131393051
19339129
83869001
15184039
18224212
45812888
110910537
136597515
17836747
66007848
42870466
75628893
115598118
34531333
121894541
28370399
13417497
42871161
76421365
20896288
15857512
111278294
107278161
117239103
97205384
76421366
69580759
116755229
18427396
38126282
21702116
10468808
26841509
15024464
58404018
62491386
28563982
7384384
13057109
94012869
116874196
25227059
30558848
82689385
44174854
10723741
77632768
124036579
57994882
20753865
110910542
55785855
67691071
11333970
95834047
13417496
78826158
15024363
36630212
19117620
127322924
109178533
62700882
123747301
30230533
10862641
121894416
20509256
109555586
104888662
44770101
50964771
52410529
119580968
71857661
10322345
14759776
80938721
33651172
15774920
129837933
125347461
26562418
59037949
15184041
59220948
37911502
17996625
131107461
7686000
35781626
72678857
34891948
110067571
10958959
125643524
76826084
72269032
47713647
59221311
12820161
17836744
65129304
136500533
42026572
70194373
64447156
105790464
48696423
10518978
35247983
25435018
41461298
19210287
42575740
18674509
59415134
116398780
76421361
19208355
27235066
26091856
39891808
22514886
70194174
125347398
10008095
73945465
115122720
63834193
70194170
22023277
15774911
10215101
76421789
9693634
22282363
57596650
103921964
96636921
17141256
58404207
63834196
115476915
47362784
9655182
10958463
74380966
30921495
55973918
18122059
15519419
17836091
91768797
59639161
40245323
87234892
134928968
118370604
76826186
135139025
134628683
17141258
18426248
131788361
76239593
21334951
117678766
30229947
57399666
100487943
19118808
65129489
59639065
17808148
70194381
134043038
15758768
13225133
10322562
30230083
47905186
10008092
14716046
10722289
111159568
33112771
16069210
11577527
9694617
14442254
18495557
53451984
71857416
39539288
16077061
13056624
118259184
111763053
59037846
29674941
94832363
44329245
53639638
11576216
39719351
25435020
70636771
20368826
18427383
13056134
50704542
48218409
57790544
114179408
116398818
58201121
29519689
62913740
48218736
8369430
29869769
20368822
76826079
15895242
118144678
17836522
20896289
15774908
50097552
49926226
79600809
41645505
19208446
34891941
106182431
51767758
18427393
20509259
89000503
68702888
131296829
69580899
44909683
106862016
128078627
110560214
30230300
38286334
118846871
54606054
57994768
19337851
132625924
9654051
21883726
18829307
60073813
42870007
12760072
10518893
53639734
37557089
15025930
72864401
40945901
59639193
10958470
13057104
39364093
72268645
28564278
109815172
21333980
71857554
18266412
110293917
117581842
18426905
107826285
43058613
59638744
15026661
52822368
44175039
61681914
27406892
64446758
115726241
11334236
21433769
132118439
103354056
43799036
131903303
73709684
46588578
106862015
12759895
9226811
57596654
118144796
16337290
21033724
93841192
28370612
72035686
12601738
19210288
15988232
42870743
75419698
68987884
51160879
75854581
70417341
61226886
108113026
130998438
45814118
111529288
110065391
20639393
71057497
55785857
42575874
10215098
10077311
57399664
56573690
74583457
56567432
17721609
70636894
35406979
42376918
59220016
31587641
34011451
35781628
36491116
12917558
10518969
50097554
7882732
75628692
128602204
18266409
50097966
20753515
108642551
17995565
19118797
29347841
116174598
17723126
121778328
18261778
107550441
131476133
29674729
57399667
26562417
52821985
14139873
15355821
110796843
15644271
116754495
50097553
69580648
64447271
12760073
82473873
39891812
20076933
64447884
116526022
111409111
92294783
68702887
33112760
111408601
44910049
59415212
29674727
51377802
55187330
102748569
29872249
13056626
11486602
16187991
111408918
42575742
58819475
9693548
76826288
36630216
28198923
116398826
18260568
29674726
27011776
76421364
18261781
28066871
118258858
107278206
61479597
60073430
9771651
10371318
49926235
64680447
40245365
11489153
54606050
105261238
70416018
122013153
73945589
58404021
25434185
77038203
19208439
85851377
111762949
63834195
42870142
17992273
42870469
38126272
132118436
116174585
107686819
30230306
34531268
68985626
41305092
115847934
72864503
18674341
56385452
11222077
115726411
105627673
70835985
64447885
31908633
39539292
15774914
13931009
80760075
118145110
71471237
135331049
18425079
10322354
121544536
18261173
11489158
11488925
43058595
11488628
66007559
93054731
12601079
52821791
73073916
15758771
52821990
54344996
38840702
60257641
73282538
52822173
10866609
47713362
65580589
17295502
10370760
50097550
101995267
127905102
53842822
102948504
19208354
41305093
77632769
15760030
12601182
94233214
69580435
17836743
52821793
103922000
78623688
15515708
116525947
40245366
47905177
64893912
80760118
13056328
82473871
58201609
75854399
107410663
62491298
47713316
76826396
127322921
133962513
14715877
29872634
22023271
64894165
76422052
46191735
75628897
22669908
64447270
15184042
75854396
14759647
95429127
28564277
19209677
48219784
30230161
10723288
115476917
44174855
121778173
42870146
59415208
10958955
104106296
84055929
117909949
10468959
10723397
78623685
105446210
33651168
20508759
15985173
10958853
27691677
118977758
21577194
122345948
32795315
30413034
15515709
26562414
15024362
10516577
40796693
39539289
9771661
64895438
30059920
106572454
17143196
103544012
30727306
108113655
78826078
19312394
31587655
28564353
76420976
62913914
125347460
120491366
124671323
49270939
58819389
59863156
109427602
123047394
71856500
107278278
98112890
20223008
38286331
49668885
57790537
119335412
70416269
56185606
15030248
11488624
131476134
122444342
76420994
69168450
84856224
29519676
44909680
105446147
56786864
45311959
40066061
18674344
46757526
10591499
16069207
106325798
19176364
119580558
58819477
94012870
108516901
15774901
68702972
62491294
107278185
108917904
47906562
45311960
118368764
72864576
29347723
131995835
104707103
86250532
67074478
134722138
42376931
22282297
17143194
70194169
10604426
76420968
44770095
118371101
75009705
42177581
121775850
19340339
54345110
127425679
18425268
106456324
111529291
21333954
17143335
15760446
60074121
57399662
78826720
49271001
59037834
119701143
64893919
68986037
59038379
17143069
126294377
103921965
15774907
132294157
47362825
91196029
45814117
78826745
46757542
14944301
17143336
76826078
107007153
109814905
38126276
95834049
33112758
18426907
107551181
18266406
38474574
103726831
45132876
28370576
27691676
50704840
99126837
42575745
18224215
135823600
58201119
126294378
110067569
75215014
19312696
25607184
29869777
42871160
65789460
70416081
77436796
88221179
53451983
75628891
36630210
47905174
52822365
52596141
35531675
78826077
30230309
74380833
119454951
15643204
28564350
114285809
15895243
42870568
39539291
10591426
40945906
25607374
18261775
60073432
69371700
116290142
45311987
13057108
16186074
81102214
18224211
32086561
30921500
110796775
59039698
62913744
14716575
110065615
77632772
47712981
130780491
10371316
100678153
18427389
13225131
96239589
10518952
117239677
14715884
9693636
18225499
60074119
60257274
22732155
19210289
59639270
44911322
124244743
111044234
122925796
15030256
17721701
76826525
44329236
59039619
47905180
18829318
19209573
60257638
11334229
14761580
61879130
11333922
11079032
106572535
30727303
108796235
79394345
9772467
104888956
15774906
18674596
10591716
32795317
9693690
9693421
134335737
49926243
117238730
17143202
19312693
85443571
84256743
96026396
22023270
42871159
94832361
15024367
28563964
37911596
111409297
22023275
64206902
64446437
48696648
54606048
127718811
20751139
15642869
15895241
18426914
107829223
42575872
9694625
18425066
124450674
9935708
29347614
8382034
25607369
75419598
64446760
93638283
27551206
79783811
76239410
108242729
108796238
95025059
60882695
15642906
111044517
20508762
42870275
28732664
133195836
59220947
22282298
55785859
17996406
18224216
15515968
66007560
11222080
65364638
106182235
10518963
55187393
70835808
100870879
15030243
7892656
71856667
59415210
48218726
41461300
84256742
134722022
12759913
27235074
8691555
72678762
106862003
49270942
69580436
75009800
20368834
124671322
111529234
68526968
14716410
58201116
122562083
93841196
12706938
21436246
17721699
10371311
39364094
126193011
134238148
15024485
44174856
50097727
51377804
71857047
45812887
108516844
20753513
28370614
115122542
15144060
107957054
51767759
75628699
65789459
81102215
11489041
10723619
25227058
63682393
66598859
102377364
35781632
84660725
118259766
10723387
118369892
16189408
10518944
110796942
76421790
111159533
13056340
11222131
13225136
78036848
118258881
134043039
17295423
17996412
13056345
133672336
131687786
74750979
116064214
48496773
76826080
128280736
59639192
19340340
108641025
18138579
27861270
65580575
64447509
13225228
134928997
35247985
30727307
28370577
117790962
39172988
135625084
49488671
49117659
29674932
58404206
10167473
73945336
14716508
132966773
111529341
16189816
72864572
111159565
107687033
110066049
67499155
118369891
76420980
74110625
18675867
17994021
11163842
21436234
107549058
9704904
45813027
71618884
18675872
82473876
15515971
17836102
71471240
127227434
32409076
10958951
39020997
17836530
74110387
47713778
128482318
77235018
21333944
28370574
43260811
42575875
12759745
116174531
29674930
118259400
20639387
59220021
53842824
118258765
45813108
53842825
29043645
15184037
122345964
114901605
18674513
53639732
104707072
97543294
27551210
48218972
30921491
48218956
65129616
51377660
39892099
53639731
32593326
11489036
86426789
60882694
49668965
14715879
75214602
123947039
50097721
26841438
86041449
68987883
58201340
51378132
70835686
21174126
14715886
17295648
118367293
10865053
109815032
121544535
18425072
131476132
56786858
48219677
134539496
66432225
15144054
115023160
9694626
37911597
26091839
14716243
111409109
61232360
84055941
19312698
55187397
107007390
58633150
45812761
68986038
130395279
11489143
12759922
124244779
75854688
62238004
17836536
51999401
14761582
106572568
17143339
10322339
19337848
46757658
49117658
9772429
129498246
16081660
118484914
11334170
26091837
49488743
42736868
13334972
101232964
26841435
136005606
10077296
131296830
29225306
43798548
44174671
16077058
43798462
97205385
125245605
88017908
43454431
126920168
30558853
17992274
76421368
35532348
91398756
75854689
14716257
115236915
47713193
43798460
61879132
46757659
107957109
106456406
43058361
22732076
123657900
111529365
61681917
72864693
18425060
107828204
13821570
15644222
15774900
12759909
75009801
17143198
13056348
15857511
119816900
33651166
21334944
18261471
25607204
55785858
69992395
60882693
29347840
46191358
17836084
9772428
10862600
70835902
114404058
123947170
57994884
120612665
76421531
11334129
11334131
25607367
69371945
42870268
102192078
48064496
83075189
107410921
59863155
82301850
103354573
16189815
106862004
29519681
127022197
30727312
115598877
63482050
59415137
59038198
76826395
71618765
44770361
47713198
108242435
131393074
7389221
49669064
71618278
21333959
79979407
75854687
107828925
69790774
19312699
71206043
62913742
103727158
90793042
114285806
10958851
29519684
10453948
67691078
44909678
14944360
115726754
69992391
47362709
33651171
59038030
110178509
117582720
105261130
11577534
13056341
48064500
10722288
71857659
118144510
73945339
120491540
43927433
20076928
15515966
69371941
28370405
20639385
132118394
11036372
132118395
107139249
29225308
135523260
48218407
123657901
16080542
115848015
17143201
111044518
108641654
10518966
122568901
107007389
65581183
97750734
18225504
70416272
85851375
71206048
22669910
72268647
133465808
107139474
29869772
12760074
21033501
115944103
115354790
103726836
110434623
117909948
27011775
58404130
25435005
48496897
19117621
18675868
41825694
9694624
125757178
13225422
135331050
135625000
52596139
119580491
20752673
110178200
111762994
65581188
16187992
17143343
59037844
118371395
44770648
78826821
74380594
14716413
119701240
25227057
15310235
10591427
42870567
11333919
44909690
11079036
125439263
34531266
117239678
57399733
14715885
86426801
91942880
12759527
114527900
10958881
87819542
42737141
67499152
78826817
39891741
107549062
135624979
15518981
60456479
118144653
47713317
47713660
64206822
61232182
47713659
10788582
51160875
43058599
11576230
133672388
19176359
22022887
25434190
15988902
39892103
115848126
71206389
13334969
55187331
39539293
54769966
115726751
27861269
23054120
102948503
45987271
115237174
111044324
26562656
70836046
50964770
30230030
74380894
78623684
122123601
54345116
9843648
104514448
15758770
18261474
116169889
15644223
15184038
106182696
118256262
53236715
10862634
16068960
115847981
17295652
59220078
28564281
10322346
121191472
111762993
18226253
118369890
59863219
11401275
72864396
125439262
133195839
21033617
122123966
21333956
46191359
9433652
69580861
51378129
70835983
45617553
29348004
30921493
14716040
43454003
17141257
9693896
15025928
79979233
18427394
8087957
103922055
33651059
115023270
25607201
18122063
114780933
47712978
34195046
22905221
14689352
34011440
17295422
18260564
115598878
40362630
38286344
78036847
122805687
30230158
64447269
64206719
75009947
11577528
88017907
18674346
44174676
20753510
16186068
12820144
9694622
20752675
29347721
128280738
57176342
125533288
129734719
14442253
8264395
55542363
21033726
51377807
21334935
11334135
74583460
71471707
107550440
107550438
129617048
19312700
114656051
29347725
10723740
125245604
116997519
72268807
52596144
13057114
124899867
63115018
135331053
30230084
58819316
53031635
28861786
118259644
10862640
59038032
64012925
71471403
11333915
15857515
21433768
17141264
9693894
76422057
17836079
103354031
34891944
10518890
25434189
55973751
132702410
20509250
28198924
65364642
117582046
133385433
124899868
34369934
118259741
76072236
74583626
39539285
19340338
107828203
19481320
50965858
33651063
135720700
75010078
40945903
109943681
74380965
33112769
93054734
26562645
47713645
78250473
8211920
43798549
59221191
72035850
18266407
13695345
20753514
28370411
107549395
48218729
114899847
119580559
21033499
110066044
71857662
21174116
58404131
19312687
14689350
17836529
64446759
18224204
114902443
59038320
120254706
43261003
50704844
79783712
119933647
77235025
9343211
14689351
75419643
118144682
44174531
33316651
39172993
83663869
110910539
18427386
107007155
69580760
78250478
66007710
71472179
9654206
64894163
40362628
17836531
12759533
21033614
96239591
109427717
7341006
58404241
47713079
71206390
16337293
78826195
120718162
65581181
103543871
29872626
44910546
67074387
118144605
25434187
39539284
21334933
9655176
12821138
47712980
108376736
118145090
17295646
131903365
7577477
71471636
75010136
51999396
50097969
50097970
116398877
43798547
84471409
59037943
22905225
115122674
13931008
9694627
15644190
28198929
22732156
127716309
15026650
59039854
47713077
53031638
10322353
15024481
59639059
130678462
9654063
16069162
29868476
59039855
12601740
18674595
10722290
78826126
107278235
9771110
29519176
121894542
30558849
10958949
7402764
121894157
71856885
63115024
55335510
64447886
54770038
48218943
15895245
19802439
30921499
10591393
35781630
125643522
11489052
25434186
21174125
68526963
42177425
115847738
93196132
72268700
47713648
100678155
63834194
10862638
125757179
116398879
35532349
15518284
44770336
15515976
15024477
19481321
134431069
28732660
13056878
69371487
18225501
55973749
116755230
38664854
18138576
79979231
40945904
10468662
39021001
123047040
87424147
130263797
18427397
110796953
58819715
120039760
29519690
18829292
70636605
26562486
18425275
43454156
119701246
18225503
11576217
122444302
15355824
19118802
127425823
84256746
10591495
55542368
34531270
71057498
64894168
70636607
32086559
73709461
63834197
10467878
80938661
65580573
135523261
59639166
29347720
108641841
29868472
17808150
57176251
7981749
12820156
50704847
16187990
18260570
111529475
73282643
110671147
36837955
35531668
9267840
15985177
20890601
10958969
9693897
17297684
14761586
91398757
105446146
125533122
15024365
15030244
14227735
11488918
92855016
34370134
11334228
51999397
10322745
110178198
73945590
10958958
122805688
18261772
17996533
38664852
13056615
115847884
74380893
39719350
116398781
105446209
78416330
130263795
17836089
30558855
11333974
33651170
122924392
10865051
49668888
22147145
61232186
132118382
108641024
14227734
43058825
20509252
117240097
28370413
34710288
136101167
15760689
8818655
60456247
15760548
70194172
96636927
18224205
116398851
29519546
133672389
107550808
41133496
21033615
65364640
19117616
74380967
120147826
108516887
26841434
69992254
21334035
47712979
10370753
44910684
110293857
116639170
53031648
28564346
121659568
61232359
37911600
28564354
18829424
110796943
107139248
64206718
8602159
20508622
74380593
30727484
129969580
45313658
136101171
18266415
21702115
13056873
107410918
78416329
28861788
89000339
47713462
44911312
11036338
22732079
103922121
37911595
10468663
62700881
18674597
15760110
73945337
30727305
25434183
10322571
11488916
18533290
18425063
58819638
21702120
114780932
133871091
75010138
79600728
134043045
125020444
76421528
71057681
19340330
50704845
14716253
10469011
47362827
19312393
43058359
35532351
12601081
42177063
92475299
79394428
73709685
62700884
19117622
43799037
10322563
39172989
40245364
59037838
125020614
64447159
71057683
9655178
64012928
11163818
34891940
108376714
14944361
13931007
30229959
15760128
27234782
127125348
13056882
125987485
64893915
56786862
20751210
74751032
14716260
52822370
28198925
19210286
118030239
58200972
10370786
73282540
133558103
15024469
58202168
11401273
30558593
69168659
11488627
18266411
42376923
30558607
59638745
115023212
77235020
122444304
60073810
19117613
32593325
17992277
10008083
98926864
77235114
30921492
18907748
38474586
13225135
114778448
40586812
10862627
21569894
11489058
78250518
20896190
56786857
22147142
39892100
10958467
10862626
10591449
79979308
57791063
71471243
64680226
66432085
76072239
10591496
20639388
37911599
84471408
107686845
78623783
49488823
26562422
33479204
103727457
75628693
35942260
22022870
49669065
59038052
60456483
78250470
12820147
86041450
14716570
41461299
19209534
124555687
42870276
27234783
118144746
94012871
10468811
117351608
107957043
96994973
42177053
95429128
38840703
35407516
104707244
55187394
134539498
33651174
124244784
13057110
105261179
72864574
15988236
119580492
71057496
132208651
72035762
35781627
68526966
117582034
86846443
72268806
101419269
76420982
27551208
110293799
10516580
111408603
65364639
59221282
18260574
14716261
116526085
119221909
76421791
75010135
64448055
59862670
20751201
134628682
14716247
54770024
53451985
13225233
114778447
73709804
107410781
79394387
120491365
10454598
29868471
134042807
118367292
8888301
71471639
123246316
51377798
16189065
74110386
10723622
18425083
45132880
59038380
9935809
81317398
114285808
127905103
101808421
17143061
118145088
103544068
69580756
57790381
115023133
11489050
88814101
70636899
57399668
64680344
42376928
27861268
65364644
135624775
37384060
10468962
76239412
70193918
22282362
28861782
17836521
45812885
124899712
58404327
133043361
62913841
46588581
108917835
57399730
118370929
29519169
73709808
119221908
40796692
52821598
11576233
17836748
11163936
75214815
83663887
58404240
14716414
84856203
135903651
108113759
78623686
99126844
116064213
110068248
107551180
21569892
96239592
124033650
11577524
50332764
89000337
17295651
107278189
12601746
73073865
18495559
56988336
18138582
16995885
57399732
135523227
10167470
18122064
68985917
10322564
71857556
114902444
35062959
26091825
127568813
38286336
57790343
49926225
47362710
22147140
73945332
115847895
134430668
125136954
115122676
72864505
71471709
83266327
19481327
74583625
71471555
70194168
12706934
56988333
10322340
42177423
131296835
80760120
118369605
117677986
11401563
115236918
14716577
10293275
35406980
17808146
59863159
45812760
33112761
15988896
107139101
110796891
35531671
135624980
120376488
12706940
21033610
81706795
17996631
133871090
9654065
36118691
121778174
38664849
85073883
74751033
10322341
81102216
92116675
50704843
115237502
62913741
123046994
19176354
73073915
53842826
15515706
56988332
44909682
126920167
45313726
110796955
64447670
42026574
34892170
15144074
60456477
10371310
110068146
103726837
71618277
115847950
26841508
50097971
22669906
76422055
10591293
75214467
60456244
114898301
96994975
49926233
78826197
71472183
46372777
18225498
15760033
43454001
10862642
114179406
59862694
115847893
76422056
50704540
62237959
40245325
21436237
45813030
76826575
64894340
127322899
117118503
50333430
118370919
17994020
22514877
10468820
25607198
71857045
121434745
15643206
17143059
19340086
104888959
29674929
54194585
18144401
58404023
35407514
110434626
43927439
63115069
58819384
15515965
10322756
18495554
108376564
109676226
54770026
50704544
50505741
103544013
78416332
47904979
115354788
14761578
76072238
33479205
22905227
16069208
10958856
13056628
17297683
16187998
18139068
133672368
61226884
64680541
15857505
15642867
105631843
19340326
14716417
42870145
9772458
11488915
10008084
43261008
59039694
14944302
21433766
42177049
118369276
18226246
10958960
20076941
90002381
14716244
125757181
18829323
9694621
76239413
14716052
65789461
43454281
35247982
118370990
34195047
16995162
25607509
41461295
57596652
104707073
17992275
12759897
18427391
61879158
29674604
26091836
62913842
52821395
57790538
14715882
38664850
121191434
20508760
120609288
108516659
11222132
57399255
33799361
66432227
115726412
51378128
121191892
34892161
89196801
33112762
80760073
69168724
133385434
118259399
107549059
25435023
30229953
47713297
63682391
12601181
65581187
10077313
18427395
134430555
45812886
29869768
19176360
118369602
31587651
77632767
35942275
131107126
34195043
19626806
72035521
42177584
70636542
69580523
10370711
132894443
128836239
10468814
135027505
134430554
132702414
15515703
55187396
79600982
101808418
58201118
107007580
131393094
42575744
18427400
38840701
59862669
18427390
111763068
116874894
23053329
116525939
48496898
81317394
50965857
10518888
71618757
71618270
118369003
79013411
72035681
42736871
135624891
15024484
28564351
106862020
56385444
10322560
101419268
62491299
11163797
15024364
20368915
29347722
12706941
111159536
107828504
103544011
67194176
73709803
66598793
86846459
69371827
15024466
10518830
18139078
110910536
13225420
107686844
35247990
10865052
52822174
28370398
42575871
75215092
91942863
22282296
17143197
25607199
19209533
104303026
76421363
67898748
31444102
61879133
26715700
11334148
45812759
104888957
121191872
54345296
29869767
17442141
19481326
126818920
50333429
18675871
29869902
118369484
47713195
107826289
26715704
53031636
10008081
42575877
69168452
110293795
36837947
131788411
64447154
10215097
115023132
89000430
10958950
135331054
45617555
46372703
17836542
134138491
108112927
45313724
115121699
31101776
53451981
48696422
13417495
13056617
17442142
19481322
16080544
77235111
76826082
56185608
10468966
59038051
116063795
27406896
70415896
15895246
9663775
115848042
55542364
44770535
79979235
15030265
18426247
15025927
47550651
13433467
75629162
104707105
120491539
75419492
12820159
96636923
103727491
30230078
57994885
67194174
106725107
27406898
116525982
20751199
45813106
69580502
43261007
32253081
13526548
15759821
65129305
64894069
15758767
64894283
133558105
69168657
10865055
135625085
15026654
16187995
27406900
115726240
73709911
70636541
59862698
22282360
116290167
17994017
21577189
114778496
45132875
10468666
11334313
50333426
64893761
108917864
110065392
97948667
57176390
36837945
22732153
44910680
11488909
78623687
50333069
70835809
34891942
105627674
29869766
18674363
39020998
93054744
14944357
78826747
81906193
69580762
70835986
17295425
107829222
34531308
70417346
15024486
47101793
44175038
118259027
15024489
32911692
15758760
107278277
10454600
19626802
18261172
41133579
11334234
15760129
105790463
105446108
71857044
15760029
15184033
42026571
27406890
29674933
28564179
11163875
59863165
38126403
72035682
19312396
59037944
109054798
110434577
10865050
29872632
36319616
59039856
110910485
77436795
118369274
116290082
16995158
48496772
72864399
52822366
48219786
14716259
10322551
29674928
135903655
59038378
20896292
17143199
76072233
106456405
44770093
71471402
108642550
118030240
100487944
38664851
47713295
9155014
115122519
96239590
116290168
60073431
17141267
12759747
60073438
78036849
10591291
79013414
48696651
19209686
19208442
103727492
49668120
108242690
79013413
73945586
115122540
31908627
30413035
18138577
9694616
28861783
66007561
14716411
60670234
18261479
108917903
109298809
79600943
20508764
9772446
58819706
59862525
39364090
17141262
17143068
18674510
74750978
20223007
60073812
15025931
22147141
17143338
78826818
10077305
49270758
64206716
54958701
18676183
109178532
50098115
79600643
17723130
70416273
13821565
20368916
29519778
81706794
44472937
20639390
45490394
75419539
131995834
52822175
108242691
20896297
47713294
76826185
31764753
67898751
11334221
15026649
55973917
111763011
117581900
10591715
18533288
25226805
41645506
9693549
15518285
10468961
49926231
45313660
10454601
13225230
27551204
50704849
115237176
104514344
13335043
60073809
51377395
53639730
103155930
118369887
15024360
67499153
42177048
63115019
35062960
15518288
117791617
57176391
39891805
70416271
31587644
117909086
45312843
135624776
14716569
66007711
136500537
66216069
62073568
55785860
27861271
76421792
46372707
40066062
77235116
34370126
38474584
43058826
124033475
63834199
118258880
85271269
14716574
46191732
30727304
17295426
9693547
74110394
22022871
111762950
15989525
116398894
15030261
70193922
11334029
108514794
17996407
43651306
15355826
70636768
42870272
108376737
52821986
75854397
35781631
29519687
38840700
59038547
19337856
118144711
111641481
15760034
15759815
29869906
29872398
132625888
121191893
68987742
57790344
12759896
64447560
75628696
9693891
64893914
7340936
61879129
128836242
10322347
62237961
118255292
30230302
122236454
134430502
73282638
66598795
20753511
105261180
13056349
118259705
43454430
41133577
64447161
27861272
10591394
13056351
73709912
17721612
18674512
131393092
28198921
133775364
77235112
44472941
44770338
14716256
38286339
20751138
59639240
10008093
73945464
15515700
33112772
128482293
10958473
10469113
117351606
30230024
64894339
77810224
19312255
13056133
19339131
134138797
68985807
69790776
136500544
10371315
15024359
54345114
75214753
61479694
49117657
20890602
74750969
7936654
15144064
69580757
71618756
29519683
16081663
65580576
35942259
15760553
29043657
13225229
10077315
111763033
115475856
11401272
70416270
18674337
19312690
20508620
59639238
108642099
14039187
17836528
75628895
59639063
121069156
66432086
66007850
63682390
10370750
29519686
50097972
109555450
52596143
18144400
127802980
65581180
15030255
76239411
64894282
19209571
29869773
109676389
10518897
117240404
62491296
106456427
44329239
91768798
44770098
107278205
76420826
93196133
44910547
43927438
10957715
28066867
130395280
107411077
10008094
43260807
15857501
60456559
118370583
118259643
106456474
44910689
103727147
45987272
29674956
47713773
71057499
34370132
42737140
60073437
30230022
20223006
33651060
25607372
10371317
62700788
37201330
106572505
115023244
135242129
118145199
118144607
17994018
74380913
96798635
132625893
52822367
50965483
33799366
17996531
66007709
29348008
106182236
47904984
11334326
108376589
10723343
28563971
76420992
18266408
129734738
25607197
75854580
58403845
49488738
57596649
125987486
74110626
48219788
101612339
15030253
71471342
59862696
16069164
28563972
106182695
117239299
15985176
46372675
18674345
114781012
109427603
17996530
10591395
118258682
29348006
61232192
44911313
88814098
9935810
18427384
32086557
12601745
105631896
111044468
10469009
9694620
66007555
10370754
110796841
48696608
31101777
108917836
109052893
15144069
12820165
44329237
15760550
11334323
59038548
58404328
12759732
115943969
71057382
97750736
16186060
69580434
68702778
74583456
12759746
129837949
42026569
119701082
27011645
20508623
29519168
98339856
69371825
58633840
114527960
46372676
10469010
17297973
9663774
44910681
106456469
18907751
10322352
44770647
10322351
7581684
16995889
75010013
19626803
132625920
18427399
66598860
14759777
48496896
32409079
59037848
56988337
52822372
11162776
132424843
115237503
9771663
41825695
17836094
10468812
7864874
36837952
49488740
40245367
44329240
121775849
48899024
115023269
92855022
120835412
79979228
60257639
129141628
66859264
17295424
35062957
11486605
72417488
56567425
49488739
86646711
10516601
29675237
14761577
40796691
18425078
71618596
9654061
16189817
103544070
10958468
25607182
10518894
19312260
19208872
17297688
15895240
30230156
50704846
70636896
16069121
109298808
18829425
44770651
47906563
132208650
95025055
42376950
105083963
45490396
10215096
45617554
27011774
127227435
42871163
43058358
85851374
10957714
29872629
42870269
111762988
128836246
30230315
10518953
78036846
46757528
62237779
80160137
31587650
72864772
79013417
18495556
75854582
46372704
32911693
72864400
18829423
9654058
127980567
18224208
135027503
70835984
107828507
61232184
15144068
19337853
80938720
10467876
58404019
18261480
44329246
41305091
29519694
84055940
71206540
15895244
57399252
82881264
116398928
48696427
71057585
66432223
111529323
118371098
15024361
27235072
9693893
131687781
42870273
14716248
10958465
12601183
10862635
11334160
30230079
85651347
11334232
27691678
26562416
10077307
71206542
116290139
136500538
29347616
71857660
122236676
46372706
115236916
17295427
91584323
69168950
51377396
128838648
116174858
29675236
11334321
118259566
64447890
65364641
123246317
71618280
48696654
119933968
25434197
102539860
124244742
16187986
129498270
44472940
130780489
18675874
124357954
42026570
69580650
73073866
18674599
12601744
50704841
130263793
18676190
69790778
68985248
60257413
53639637
118144654
110560213
43260863
13526549
42737147
17995566
111159626
70415892
61879040
18260573
53639728
17996629
47713644
114528095
69371939
16081659
9935707
105083964
105790515
42177054
61232361
44770537
13622650
18260566
46190753
10866608
41645518
59221189
35062953
87234891
44910679
107957055
33112765
72678760
74381084
102748568
103544066
12706935
59639241
46190751
14716573
123349884
109555448
72035760
75628958
66007849
50333066
118484913
42177424
78826814
86846460
10958852
118718508
58404326
20509249
56185610
16995886
10518965
29872246
41645504
110293916
43261004
92294792
132806311
124037785
10322568
69371489
103544071
26715706
75214606
50505742
9694618
10468967
48219676
58819716
59037948
15519338
12759535
115847933
34531330
134431068
64680345
21577185
71618885
110293915
78250469
10604430
15144077
21174122
10370758
10604424
17996630
66216061
26261006
114780965
59639064
20076931
11334134
118593390
69790824
10167524
68985673
36630211
135440228
34011443
47362829
11334151
15025932
10453950
33799367
28732657
131107127
114656052
11334316
63297947
20896193
14227737
71857206
46757544
9654055
29043649
11489139
17992276
38474585
64895436
30059923
21333960
74110514
14759648
99331000
20368925
71857545
119701294
132894444
60456396
16187988
43260861
64446438
109676227
85851376
62913748
115847885
18260571
125020384
29043647
18533287
7384229
15774923
76422051
52192473
44910544
116398824
75009703
60073811
73282640
105623722
60456245
110560207
59862527
51999395
64893763
131476135
36319615
14227739
70636606
74380964
70835905
115848068
20890600
54770021
70636764
11163841
42177045
103922122
20751198
79783717
133871142
109555205
116169888
59221310
134722020
73709805
17836524
109943844
64447155
103543950
18138567
75009982
71057586
50704543
117240405
12917557
47713196
115122538
37018127
51377805
36630218
44910548
19176362
14715883
16189062
125987484
28563966
44174674
11401564
136206717
123548313
14944299
43927436
64680227
11577531
108113945
71057388
108795994
111529342
18260572
90395816
72268764
118367375
11401561
95619041
127718809
37911503
49488670
11488623
43058601
47713774
39892097
61478309
106572534
43454006
54344998
74380590
45987278
10862637
14715872
49668889
12601083
71618267
116754476
12760077
76826579
10958956
23053328
75629084
18224207
29869903
29225307
7577328
77436793
63298138
117239373
74380834
18144399
31587647
38126279
90217647
15518287
16081657
10518964
58404022
110067915
29674938
14759646
65789462
18261175
82301849
15857497
19312691
19207677
50965856
10604437
50704547
9228641
111044496
13225232
124450673
130998446
75010137
38126402
11334325
56573691
18122060
135624849
41645494
11334320
66432226
25435016
57790547
115122543
72268758
111763156
27234771
40945905
76420823
44911311
20076940
50097722
124801647
123947107
110796793
118258683
49669060
35532352
15515974
12601185
28066869
21333949
110910538
11334235
10468960
118369604
17143067
134238179
11489152
114179410
38286332
25435004
107278232
81317393
21174115
53639900
44910543
21334940
21577190
11222129
10370706
128715604
59862693
11334231
16080546
61681920
11334315
17143070
74380969
75214752
116874893
29674603
10322344
18266413
50097968
64447157
60257139
44174530
96798636
17297687
18266417
42026573
129734718
65129614
116997707
17143340
71856790
71471638
110796772
80160138
123747300
54769967
17836741
48496895
124555684
78250472
104302759
64895439
60257416
61478436
74380912
65581184
17721698
119107588
134238186
58201125
109943682
16189055
103354441
11489043
28564279
136101173
67898749
128838650
59038319
16189812
15518983
59038321
119335414
76826188
117118502
49926227
11333972
20223009
34892157
29519165
26841507
126294372
8542348
22147143
118370584
88623374
18260567
66007552
30413039
25607194
18261774
16189809
11334233
107139102
114902527
44174673
11163037
114902528
15641907
134043043
124033648
21174124
56185604
60456397
59415139
53639891
20752167
43454002
34370129
102539861
40586814
35532350
10370707
13335036
57176338
9693639
70636898
20223014
107829445
9693422
42870143
20368917
118255290
62238003
56185607
17141259
18225502
118368923
132424841
45812880
83460839
96026395
115847980
47362828
111278295
74110746
15026652
81317425
21577202
46372705
42376922
45313507
34011442
52821984
72035849
54770022
135331047
70636482
42870464
12759733
9771652
10215093
28861787
44770533
27691675
39172991
57176252
61226885
16189829
122925799
122236456
117677987
73945338
7782085
111044467
18907747
111044490
45313659
19312252
76421532
21033504
59862748
58633841
48696610
10322748
64447272
48064498
10591494
10322552
135624892
19312253
106572504
20223015
18426904
9693689
107829030
16995165
73945333
118370650
28370403
121296003
134238188
61232190
109815173
45987269
65581182
110910488
18426249
118369122
133962514
10468964
55187332
35247994
17721715
117791621
118258564
7577456
11163796
74380968
59639039
62073565
45313505
19176350
127570259
44770100
36491117
12706936
44770532
19118803
69168723
33799358
132294124
135624998
20639391
54345113
15759820
107957073
119933646
22669907
54606053
116754477
16995884
41461296
28861785
42870144
38474583
110796794
71206539
51160877
70417345
55542365
15988893
15895239
107412133
102948168
58819501
30230026
57994770
107686820
43454151
49926232
17141266
52821397
16186058
47362826
132625850
70194033
19945313
11576236
16995890
35942258
59221250
38126278
18829290
111529474
73073917
13225418
68987740
29872245
19176355
29872633
106572567
44329238
26261010
26091847
9693892
110796895
62913749
30230025
19117617
97948668
18533285
58201608
75628697
15026653
92116676
11576232
16189828
114898300
43058587
13056631
110796890
33799365
51377796
116997520
11036341
78036775
122013204
92294790
50505932
115121708
116526083
129037685
18261773
19208440
19208873
11488920
106326015
115122585
42870005
30230080
128182510
75214814
38664853
29674931
15857507
47713361
61232362
54345111
122345963
41305090
10453949
71857217
51589769
30059922
43798464
32795314
39364085
21174118
119107589
67194178
72268942
123844447
75214466
92116674
10604425
107686877
126294371
115944105
117582721
26562488
9843649
119701144
49669063
134430667
132118383
84256748
10788581
70416268
40945902
29348007
10008087
59037836
15760109
115726746
12601742
65580572
13695346
98537336
18425274
34891945
110434576
30230087
64447153
107411079
109814904
114528096
94627252
33651169
11334220
132118381
105083921
18907769
72035687
15988228
129498271
108113024
21433778
16189058
35062956
107139471
29348014
10167527
93841194
11489160
30230081
47904985
78623682
111278511
43454004
17836092
10468963
20509253
33316646
116398895
64447888
49666828
77436794
23054119
60670232
110796889
50097802
19340087
22514889
79979312
22732165
43058360
29872396
25607507
126403540
20751141
80760121
91584324
52192472
21333943
82088229
15760449
45987270
64680230
124132936
11576220
132504400
38474587
124899730
15760444
72678764
19339127
20077045
15030254
118370035
11577538
46757657
9654427
69168656
117582244
118256261
69371830
73945334
109052792
16069209
15989518
117678361
65580566
9654050
105446231
59639162
125020615
124671351
56567426
10722238
21436235
34892162
14716265
44175041
34892171
15643205
30230032
115122584
116525948
9693543
107828924
44910678
68702781
49669059
80569312
27551205
27234768
9654216
37557085
16189409
127125347
14715876
90793044
59862692
118370648
111409296
13056890
10468665
56786860
33651177
72035680
51377797
49271003
30229945
19312263
18829322
75215013
68702973
57176339
48064570
35406981
82881176
71471345
34891946
34531332
25226803
93638284
78416326
50333077
61682067
129037684
17295515
45132873
19312395
45132872
78416334
63115026
15518292
118259740
78623681
19117618
10518945
64895448
20223016
11036373
53639727
12759899
69168451
19210285
36837948
40586815
111159629
132625885
29519692
122444272
56988331
71471242
17837129
18674339
89000431
16081661
107550439
47550649
129037637
51589768
45311963
69992252
29347727
118977759
57791062
73709807
13057096
14578673
82088230
72864771
18226245
33799363
101995268
116174530
108113189
12759903
71471556
10723436
134539493
17836526
70415886
22282299
19176353
75419777
17297689
67074386
78623683
108376704
32253080
36837950
110560208
102948169
60670235
51767760
18261771
136398266
62073563
11163795
18675873
74110385
126193012
70194302
29872630
41825692
57176340
76826578
44910682
88814100
19626816
35781621
21333961
76421882
29872155
114656211
19340334
10516600
46372776
59221155
59415135
19117619
108917865
123149940
118258739
48218740
13056331
57399663
17143066
27691674
16186069
71471343
107549394
18907765
17143062
17808151
116525938
64447267
21033725
19312686
43927460
52821396
69169121
11163819
29674934
28564180
115597970
20752168
52192471
116526023
115847871
72035684
57790539
62700885
59638743
43651305
8160991
35532346
92475298
53842823
15024473
53639639
58819505
22514880
64895437
111529324
40362629
105083920
104514343
118258763
39891801
74110388
71471239
43651312
10723448
17996414
12759534
104514345
76420989
10591520
132806312
11334227
43799035
16081662
106326235
29872628
59862697
11334219
10077314
68985913
10518943
10453946
75214507
34531269
53031639
32795311
116063794
64206715
111763054
31444101
107006997
71471405
17295421
17723128
14759774
48696421
39892096
90582988
11489034
115848016
78036774
39891739
47713075
64446763
99330999
104514341
108376755
136500541
118369606
50704340
18261468
42177583
71471716
29868468
10518967
43799034
45311966
12759528
26562487
18425276
72864573
34531328
72035683
9654059
10591717
103354032
19176351
118258798
75419538
80938772
46894396
11486604
51589767
21436239
17297686
75009948
9935705
79600729
18138572
59221390
18533284
63682389
14716043
79600944
67499154
103544009
50704341
84055937
89000338
47713296
12759734
53236716
61879157
59863218
14578678
35781623
70636483
16187989
9693544
27234785
111763052
65580586
12759900
52821597
115597971
8653807
11488619
39719357
59220077
47362782
75010014
45490393
17723065
106182432
65581186
18261481
70415736
57399731
59039853
9473227
134335677
18674347
27235070
133465807
111529340
12917556
79783808
10370752
76826187
107686939
44909679
110068439
105261177
74380685
71057680
43651311
9843651
98926866
69580501
63298033
124555785
59039695
53031637
18224214
56573687
14716408
7577401
12759924
9069402
15515980
117581841
120718163
15988470
75629153
10370756
61681918
17996408
94425759
120612666
104707242
118369002
71471236
10469111
71618272
92294786
108641840
55542367
123046996
26841505
8953715
30230530
12820145
65580579
80938660
18533286
30059919
34195044
124357955
25435014
116526021
43651307
71471241
61232185
59862526
19208353
15024479
101045286
104514340
32253077
10958948
125533289
101995269
115122586
76072534
34531267
101995270
106023648
133775395
132966774
30230027
28066872
19312398
130395334
14560537
108242736
62913911
93841193
49926224
9693542
44770097
110910486
11488919
29872395
34369933
33479203
9693546
68988052
58403842
78416328
125136983
60257143
15989527
35406982
54345297
30230303
15988234
16188001
103922083
22514882
115122700
118370034
11488622
17836745
119454949
48696606
122444273
109178507
79600981
21334934
107007581
108113654
118371394
53639735
123947110
38126280
10958879
29519685
70194303
18674343
27011777
76421362
45987277
22669902
82301773
26402915
12759537
74110383
14759650
15760691
76239592
69790823
39539286
132625919
13225423
130263796
18675876
110796845
42871162
55335511
70417342
130395374
27234779
75419644
18829429
49669062
40245363
82473877
10723292
10788579
16077064
44770536
118368922
118144827
104888960
47713078
107139475
45490397
35531669
22514885
12759538
69169120
117467037
32409075
48219785
19118801
11163874
60257277
38474582
15310233
60074120
14716506
13056886
60670233
42870465
9693540
115848125
17836520
108516658
17808153
79013415
115726749
15144066
16189821
42177046
103354057
15758769
30558856
17808147
14716263
103726832
36837954
122123965
132625886
13056620
44770341
18226243
10591289
11334314
18224206
59039618
76826576
53236714
71618764
83460840
64447268
63115020
71856793
107549064
26562648
103544069
133672367
48064497
25435019
131393093
60456243
36118692
15144073
10958855
10322559
133043360
18829325
126605602
40362627
133775396
17837128
8774538
10958466
69168825
131393090
104888655
37911507
134722137
11333923
51377799
28370611
18139069
50097967
39891813
12759539
44770099
50097813
22669911
36491120
124033478
69168456
51767761
11576237
16069161
118145111
15644040
20076932
40066059
61090178
10468815
34892179
12706937
15760665
20508615
48218723
74750970
10591290
82881177
20368831
58633147
41825693
59221251
127716311
17297979
37201329
131393050
49488824
19945310
11577526
135242130
75009946
118145278
18224209
71471713
10591714
62237778
118259567
110910540
18139071
111762955
118145198
15988895
88623372
91398761
10518946
64446440
35942256
105446105
70415737
20896287
17723127
109555449
68987741
103543951
42870147
110796844
44910050
15355827
9011457
74583454
49488828
52192478
133287944
81317391
107550811
15515707
20751200
72035688
104707106
62073570
7384916
114527903
55187395
33799362
86646709
66007557
51377794
16189064
34891627
114285807
62073566
75628689
88017905
135625062
19312692
18907759
29674940
10518980
51378130
19802428
48218738
51999394
105623723
29519673
20368827
34531306
34891949
136101168
10604439
29519548
18138566
15355825
120039844
119580969
21333946
19176357
20368821
38286345
122013203
70835903
116398868
118369485
18425070
11163935
10469008
18674601
11488923
44910683
98339857
27406909
18426903
111762985
18829324
10723342
125136982
71057384
39891799
50097551
33112763
13056132
19176356
16068962
117240098
120609284
68985916
86646710
119933799
28066865
116174484
64447669
106725106
17297691
90395812
65129488
131903304
60257640
71857563
120254708
35062961
17141261
42737142
75854400
70636767
90002380
30230085
25607202
62913747
83663870
66598861
118259028
134928998
86250534
43454279
108376563
108641434
124899711
13526550
17836085
15519420
61479598
107687013
74381078
9694615
54345117
59038197
127802983
64894285
107412131
20751211
78826160
20076939
18674602
44329241
27234772
10370713
116398852
29519691
76421367
10167472
15184036
11577532
20753867
50097801
22905226
16187993
129141658
60257643
111762951
81317427
11488625
68985247
132966787
110178512
130071590
117351802
17723063
76239409
25607378
28370615
22282361
15989517
12820168
31444100
33651058
64447158
45313506
9772444
25434184
20223010
18226248
106326014
13417498
11489155
39719353
71618882
104303025
67194175
48219787
17723066
47713197
17297977
68987882
132208697
132625887
48218734
104707245
13225137
56573686
46372678
54606051
133871143
39021004
52822369
71618415
28198932
31587648
115598115
32593323
60257412
15642905
92116677
104707243
35247984
17836742
25607188
14759779
129141653
47906565
121894154
13057105
49270940
108516900
75628694
64894068
79394429
17994016
69168829
122123904
121069155
19312259
111529439
17721716
15184034
37018130
21883725
115847952
17996532
29675238
35407512
16068959
50704541
75419493
18675878
21174119
116174569
15024476
56573685
117582353
51378133
10723737
34891939
10604422
61232187
29043656
38286333
74583453
124036578
30558851
25227056
22282300
10604423
132894427
25607180
115236917
132806355
123047301
116290157
64894166
130586317
68702889
73945463
18426256
41645517
42870271
68284949
10322548
71857415
25607206
15642868
48218411
10591429
75628698
65364643
11334181
52192477
39539290
46372708
75854690
18426251
75214890
75009981
108641839
19802436
65129615
52821794
40066060
94627259
52596145
131687784
16189056
135903656
8320573
10591540
64680446
64680228
42870467
13145639
45313508
28564348
65129619
14944365
81906194
34891628
41461302
129037638
45813028
82473959
74110391
13057100
12820169
47713775
16189407
10723402
120609285
48218962
19626808
70416016
103727154
129969581
118258741
21433772
76826287
71206541
49488742
10293270
71856791
9655179
25607187
15144058
122444339
72268938
65129486
10862629
47905176
74110395
108376754
44910685
71057584
65789463
60073433
69168453
18425273
9843653
91943018
96433083
11489033
115122692
103543577
57596651
82088128
101045325
73945587
30229960
10322561
40796690
116174539
19207678
18907749
29519234
13225134
123947173
75628892
10518968
25607373
18224213
107139502
108515240
62913912
28370575
25435010
10008082
111763086
46191726
27235076
45987273
124033476
36837956
105631897
11401562
18226254
15642870
14759775
128482292
62073569
10518922
83460841
26715701
104302758
20751206
64680538
10518923
9935706
20368837
68079757
15518301
134829737
20752164
42575873
103726833
70194035
135139024
62700786
56573684
118259147
75854398
38286342
78416333
82473870
59037835
62491297
119816901
10215095
116290140
43454435
71857417
10723290
55187398
10591450
36491118
57790656
20223017
134335701
9654064
75628700
88623371
13225231
71057385
130490914
22669909
107278234
130490915
14944300
11577542
51377793
109943408
51377392
60257141
120835413
44909695
127322900
59221089
18261469
124671350
21174123
20077051
72864398
11163820
111408735
116174566
66216064
110910487
103922054
57994881
10322342
42737148
60074118
18139072
18122069
13225132
22905228
10469007
9693688
48218732
42177427
71471554
79783812
107410782
28198930
9694619
115122541
10322744
15857518
54606052
19481324
25607371
107139472
9654056
50704545
43260865
111529443
104707096
48218728
71618755
135523229
53639895
76420985
130071539
32911695
110065614
43058584
121191871
130998439
90998724
61478310
45812884
127322922
50964773
18144398
132294156
118369001
105790543
11488924
10591287
123448090
54344995
16077063
70636765
78416331
68985915
109054799
15760666
36630209
49270761
34011441
20368924
51589770
105631807
12820164
68985381
11334322
69168454
61232183
21577191
116525962
71856501
28564352
14715873
44472942
10370712
17808343
69371703
107829446
37018128
116754494
73945588
33651062
19481328
31764756
21033613
44910687
107006998
19207675
81510905
14321307
134430557
116173982
76421530
75009799
61090176
9654057
82473952
125020385
75628695
30230159
117582352
18425085
58201117
78250471
10322742
115848043
126605603
107826288
58201127
10518947
124555686
44770096
83869003
107957110
135242095
105631842
118593391
21569895
13622649
63682392
50097724
27235068
10293277
110796888
37384058
17143192
110067903
18138578
107686876
42870008
10008085
107278160
62491387
34891938
29869765
59639037
122924388
34370128
52821596
67691070
79013412
109178506
77235115
11079033
108515623
15355822
45313725
88419677
10723444
128836240
82473874
9655181
109555587
12759904
10322750
115122699
83075190
126083209
69169119
21033503
29043646
33651167
42870745
127022196
51589771
88623375
26091829
10370755
44770534
14715881
58404020
48696609
61478434
126818922
49926234
122925798
21334036
48696425
10865049
76421527
79600746
74583455
12820146
131107462
35406983
118846872
11036374
49270999
10591288
136398265
11489038
80160136
133558085
44910051
15026659
41461297
119933967
44472939
18266414
78826127
15760066
108515624
13695342
29519232
14715880
19117611
15642910
16187987
71618883
15989520
71471238
105261178
61478437
52596140
16068963
123947235
38286340
48218727
22514888
118258799
13433465
29347620
104514447
11222013
64206903
132504401
42870277
65129306
58819705
28370409
73709806
116639169
41825691
29872627
47101832
15774909
18122065
21033500
21334939
25607195
116754448
71618416
70416080
122013152
17723064
11576219
57790657
50704548
12759893
111529364
29868469
111278510
124801645
116525983
107957072
115023062
59221154
134928967
121434739
75854402
14560539
29519781
18226247
108376552
127322892
54958704
18425271
10591719
15774918
44770094
46190755
37557084
9693635
90217646
71471341
49488826
59038202
26562655
54345109
53236713
115475855
17141265
21033722
33799360
16077069
42870270
77235113
77235110
106724969
36491121
76826081
45312842
14944356
18907756
20508761
26562657
64206905
126715909
7830581
114781073
128836243
17808152
133558086
122925797
18425272
14321303
130586329
100081245
50097800
108376702
71471712
39719354
119701078
31908621
79600806
59039617
42376925
32409088
18674600
115726238
15355823
11401270
39020999
44174677
15184035
31269241
26562421
26261005
34531307
105446230
69371699
18425277
8431312
33799369
61232193
21436243
13334970
10008091
103727145
44909684
100870882
48218408
109427716
26562651
66598796
48218412
118258831
13056627
116398867
19207676
123448092
17808336
47713646
105623721
127425681
29519547
47905175
11334173
120039759
49488667
129498245
17143060
11488626
116290083
115122618
54345115
48064562
21334949
115726744
75010081
42376919
106326236
34891630
59038316
36630221
10591718
108242436
129734735
97750735
103543869
70836043
15760031
129837946
14715878
10865048
29872254
46372679
10518962
25746344
59221309
10322747
100081246
10322567
44911314
43058362
116526020
118259083
10322558
117239351
78036851
11488917
30558605
17442144
75419783
118371131
10322550
20639386
14944366
61226883
51589766
71856589
61479599
15758762
118369123
20509255
9654424
19337854
53639903
17836525
102192079
116525963
94233213
35407517
132208654
18676188
19312269
71857414
25607508
123947234
64206820
51999399
35531670
79979227
10958469
94012873
30229946
79394344
11334130
103543581
28732659
20368913
79979230
59038203
107826287
13335038
134829732
20890599
33799359
129376037
16081658
116874143
25226804
116754447
10167525
107686923
10516599
106724864
110068438
78826815
42737144
117351801
123149939
135625060
36118693
19340336
17836538
114781072
59639237
10468810
103921998
47362824
43651309
54194586
11333926
20639389
135624951
49488744
15985175
10516602
119580560
29519672
54344999
107686922
134430501
108516886
25607207
21334037
118259706
19312702
43454005
11489154
10862599
51377391
106023647
118258859
17994019
50333068
125533121
25607375
15774913
10518948
75629086
117239102
53842820
25746345
52410528
19337850
96636922
27234787
16995163
19208352
65789458
134539494
46192612
42177582
15644136
19209683
68985808
127980566
22023274
88419679
74110742
116290143
19626809
33316650
11334125
15519046
16080540
15759817
55973750
28198926
72269033
10591428
64893762
22514883
118368757
16337291
29519171
19802429
18425266
15758761
15518281
70835683
66007553
43651310
18122058
17295495
30727480
71856588
16189824
50097559
63115074
123046992
63298140
13225425
50704539
26562646
17996413
73282541
77038205
49669058
102377363
20896290
54769973
120376247
106456323
10469006
60456478
28066866
11036342
9693420
64894071
107686994
64447160
60073434
88814097
44911310
9693637
17721704
49666830
59639125
19209674
12601184
72678761
45490405
134335674
108113947
68284950
21033723
68702971
30230160
62491293
29348013
70835685
20752672
118258830
132806354
110068247
43261006
108642105
52822371
15518302
114656210
68526964
115944104
14759778
109052896
50098109
43927434
106325799
104514342
64446436
33316653
116174483
97750737
107686993
115848067
70415890
121659567
73709942
10167469
29674725
68079753
75009704
11162775
29043648
100487945
117678765
44910545
59639127
15644189
68079751
120147827
10322355
63298143
52821792
39364082
71857724
15644042
125643523
129617049
69371490
19117612
14716266
70835807
56786863
15857510
28563969
76826526
18260563
14716262
42177044
15024463
131393075
20368919
44174672
30229958
85443570
123149938
100870883
34710291
120039848
16068964
59221389
18829426
9693545
15774903
16077062
136206716
11401274
58633148
16995888
10468817
108641433
25435022
48496771
87614867
9935811
134335736
16069206
72035518
21033502
15144056
20751207
122568900
35781622
107826286
80938722
7442693
17295650
10293266
114780967
29872154
47906561
115476918
14761576
15988471
15184040
35407515
60257140
37384056
19208351
46372677
10077303
43651303
20509257
51160876
11489159
118718507
115726750
12601743
118145277
90998723
122562084
134042808
78826721
9771111
120609283
15030251
61478435
81317426
58202169
111763051
42871156
64206904
73282537
124801613
20508625
53639726
28564181
18675879
82301770
117467040
108113760
61879042
115599304
15025925
15760549
78826816
114527961
11688007
61090179
105623728
15988473
71857201
62237781
49926228
79394348
44909677
59638742
9693890
17808339
80760119
48696420
114179411
32795316
26562415
44174678
111529374
15519047
111529233
29674728
46894395
43454124
69168826
43454157
39539287
17996411
80365810
16186061
11489147
27011772
105790403
30921512
29519170
69790822
87424146
30230528
10723400
78416383
131393017
48064565
78250517
34531331
22732152
10468818
46192607
123046993
54958703
20896191
8470197
21883728
69168836
22732077
15024475
127322891
9713417
98112888
36491119
82301771
74583521
35407513
71857046
59037833
130071589
19337852
18425074
29674524
77810223
69580758
46191736
71471715
72268985
108516661
38474578
62237780
103543764
47713643
69168953
29519675
53639733
10722235
10591533
28563967
114781013
67898755
64680346
98537362
27235069
53639729
15030242
12601739
17295500
44770337
65580587
21433767
70836044
49488668
118258989
57399253
35247992
10591518
66216065
18122068
106724863
83460842
105790514
14139874
50965482
61232188
108516660
70417344
18676180
15988240
60456558
91943019
135624850
42870744
105790401
22022872
119933798
27011773
15989519
12759912
85651345
15641906
55785856
71471635
20077044
15024470
46191734
33479202
29872631
130395333
51377800
17721700
65581185
121296004
110671149
115847737
11488618
17143341
118144509
106456428
49666827
115943968
107410664
48696424
71857418
61479695
118144710
54344997
103726838
49270760
28732671
41461301
37384059
30230029
116398817
29519682
115122520
10866610
18139070
50097549
39892101
18675875
78623784
54769969
19802430
30230090
29519551
33112759
71856886
10723291
19118804
10723676
103156442
70194305
59415138
37911602
79600745
123349875
48496770
47904975
29675239
44174857
14716572
13056888
20752674
108376713
76826397
80569313
109555204
11488620
106724865
77235121
9654135
128482319
50098110
74110392
29872394
12759902
16069205
51160878
34011446
14716037
60456573
12820151
73945335
11488922
84660726
21333955
27234784
119701293
91196031
128384180
70835901
92662263
17996626
43798546
117581901
120376489
75854401
13056616
125136955
116174538
19945312
18427381
59038549
21436238
109943409
75009702
35062955
10518896
46588579
46588580
115726239
34891947
32911694
10322557
11334317
17143058
73709907
19312689
15643207
81510907
21334936
135823602
45814114
29519677
69168951
59039696
59862668
50704339
25226802
131393018
118258563
10077316
103354443
41645511
105261131
38286343
15644132
19340329
86646708
64447508
16077059
25607368
129837934
14715874
41133495
30230023
126715910
97391473
10322752
131788359
39892098
73709910
75419702
128182509
11334224
58633151
79600808
115122583
76826286
10516578
28564349
58201339
71471634
21334942
12759738
116398927
53639896
11163821
107686921
85073884
42737145
111763069
46757654
22732169
50332763
82301772
16186071
33651165
50704848
79394346
16080545
72268983
48064567
72864397
69371562
115023159
94425761
13695344
17442140
29674936
32253078
123149941
49669061
69371702
49488741
17295509
47905179
18427398
17297975
34710289
123844446
82689382
29868475
52192476
103155929
35942257
31587645
14227731
62700784
73709460
26261014
37384057
121778327
72268701
19340081
75628959
13145641
118144824
71472180
57790389
69580522
53451982
78036845
14689349
111763153
34891626
75009798
30230531
15519339
74110390
83266326
15988235
82473869
119703213
61681916
110796840
76422053
70835704
43260862
35062958
136005608
130395375
17995564
50965485
71857419
14944363
60257142
14944298
121191473
64893913
12601084
115476916
12917555
115122619
118259185
114778497
72678855
19626807
45313657
132625925
18122061
115847868
89000343
69992251
73073914
108113190
10518829
23053330
81510908
67691074
47713081
81102213
10591425
120376246
30413031
50704342
100081247
11222130
14715871
75009950
106862017
45814125
71206387
82881265
10591519
71857725
21433777
27234774
117238723
132208653
46588582
19626804
111641482
79600644
108516841
79783810
18261776
69992253
16069160
51589764
44910542
9626851
118370966
10371312
46894397
79394385
75628890
63298034
11576226
28198920
35531678
84256741
46192605
98112887
64448052
61682066
22514881
108795993
12759905
43927435
15760447
19481323
79783714
55542366
17996410
10077308
115944100
51377394
118144748
60456564
29872255
10958947
115354624
88221178
