44472937
49488668
18225498
23334535
12601084
40945903
57596654
13056132
57596652
103155929
101419268
75214753
43260862
110178198
115848043
76072238
105261179
17143343
11976625
59863218
53842824
19945312
15024466
75628895
111641481
103543950
11486604
48064496
17143335
14227734
103726831
66007850
52821990
69580522
45812759
44910545
10591287
34892170
18495559
11334325
19340343
45814118
11334232
101045325
111159568
69371700
20076933
86646708
17994019
30230533
15760129
14039188
23120872
24256309
72035762
13225229
11780962
29519694
115726749
104707105
115122693
21334944
58633151
70416273
16703758
47904985
50332768
16080554
42575742
77235112
70416269
83869001
16187995
30558605
17836079
25607188
53451983
29043657
23938296
111763222
17143066
16456679
21033499
53842826
15641907
34891630
15024485
112739242
59639037
71471637
30727480
70194171
112129228
53639729
103727492
79394428
14321307
71471638
103922084
11334233
115597970
60882693
87614864
47713644
51377804
43454001
32795316
16188002
56786862
13056626
65129615
92855022
101808418
45812886
107550811
113700150
139591496
42870467
16582444
70194035
50097721
33112762
84256741
102192079
115848015
75009946
49270758
73945463
27406909
131199397
111529475
17295426
19337850
42871159
23054331
19176362
110065392
17442143
48064498
62913912
137183695
19337852
74110515
13225131
105446146
20368924
96026395
74380685
12759911
75010136
12209495
75628694
56573685
27235068
12209817
109054798
47712979
25607195
24099186
132504400
33651059
16187988
52822173
19210288
111875908
35407513
15988470
74110394
99331000
42871158
139990156
59639241
18225505
30558593
30921512
20076939
10958879
56185607
30558855
68985381
86426790
71618755
70636607
13057105
25607509
96636927
15144069
17141264
61479695
22732077
71618415
11334234
83460841
23053328
76239410
15758767
75009949
36630216
11976222
64447560
20368831
58404130
12209819
10862634
18224209
26841438
59638742
20077043
13056348
49666827
36630209
21433769
23632879
29674524
34891944
64680227
32409079
42870273
62913841
61478435
112618531
71472182
45813029
23632619
11333922
48218412
78416326
50097800
40362628
81510905
11488917
59862525
24608914
11333974
109178507
73709684
62913742
10215099
140384728
106456428
71618885
59038030
22147140
17297691
64893915
20508623
10958855
11163842
37018129
16456681
72864772
116174483
29519673
139591498
138343418
24462111
16189409
47362824
10322353
14139874
18122059
12706935
124450696
76421531
61682068
112864290
20077042
59415137
31587647
17143340
15760689
18122060
19208353
13526551
16069206
19176354
18426247
70194305
61232358
59220077
93841193
35781630
33651170
87424147
15184040
10468808
109815172
11976503
12406687
14715875
111529234
15774915
19117623
16186069
96239592
29348007
93054744
70416272
17995565
62700885
64447155
23054117
47712981
19626815
63834193
45313660
15760128
140408834
103727158
58404207
11780961
78623688
111763011
69580648
58201117
64447268
36491119
15355826
13056624
54958703
111763069
103922122
89196801
81317425
17295500
15024367
102748569
56185605
14759648
111875910
44770097
140901406
132294157
18675873
76072239
71206540
59639161
10468818
19312691
89000337
22282363
137660638
42177424
59037943
23632534
110796890
12820160
10454598
44910687
42870144
10958956
43261003
19481327
14227735
137183689
69580501
10591519
67499153
16705714
13057109
42575873
25607180
16080542
78623687
53639731
23632728
26562421
28564277
52821983
23466760
44770098
95429127
107957043
42575872
56573687
115237502
64894166
22023275
113944936
33112758
47550650
10468967
79600644
104514341
29872154
76422055
58200972
52596144
12759893
18829318
27691676
50097970
12759745
12496644
24256312
23334538
12706940
108641652
70417343
20508622
140991735
73282538
50704341
130998498
57176391
111875793
100487946
116064213
103921965
26562651
17723065
16068965
12759905
107829451
35062960
35062957
57399665
142561984
16189408
13057114
13056328
40066059
11162776
18224208
12601030
40945906
72035688
115122619
16828918
71618764
110560207
24256315
15515968
76826395
10591426
16069120
105790514
55973751
64894283
48219785
16077059
51377396
71471345
15760029
92662263
12057008
42870268
74583453
17994021
52821792
31101776
112253331
64012928
55973917
106182235
66007559
50704542
29869768
112737941
108376713
50704339
48218962
42870006
11334322
28564281
54770024
16704235
44472940
106456405
104303025
25607199
64447157
45812885
39172991
136882099
42737143
18829322
75419777
60456396
25226804
77810224
12406772
18427383
112253332
72678764
111278511
11334318
24099189
16830280
24256316
53842820
18427384
116398851
43927437
59038204
98112887
18426258
46372679
109815034
46757654
12406692
44472939
36630221
12356824
33112759
89000339
73709907
45312842
73945334
18261174
47713076
10591427
16706458
15895241
24256314
43651310
29519687
11401274
44770534
48219676
49488742
116174531
15518287
108796235
61682067
25607507
24742521
12057770
44910548
105623721
39891808
18829423
64447270
15030254
60257414
16706368
107411077
22905228
80160136
22282296
18907749
11976321
73282640
29868469
59220016
16357957
64447509
114781012
108917904
17141265
44910543
103156442
116525939
64446763
28198925
10468962
115847738
44174857
112253282
15774906
18829428
67898748
129969566
51377397
18829325
11976621
16704015
70636542
115726750
16994332
115023063
25226803
59863219
20753865
10957715
17295509
110796844
57176390
64206903
33651167
12759532
70836045
27861269
71856791
103727147
11688087
139216997
75854689
58819705
88221179
24099207
64895436
72035686
19176359
18425085
13695346
24608917
10591288
11401565
111995472
63482050
58404241
47905177
44910680
15515706
78036772
50704848
25607202
11780964
38664850
23632621
11036342
65580579
59221155
16187989
19340336
68702888
78036849
80938660
70193922
74110384
55187398
11222129
10958463
108641842
107549064
59039694
48218407
74380913
32593324
108376553
105261131
13225420
64447508
65789461
66007848
71857659
16704007
65129489
34531332
59038202
10322563
60257140
10591716
11163876
103543764
18122058
111044518
51999396
70636541
12356819
16582257
12209741
75010135
43261008
15519421
113944939
38474574
35062959
109178506
140384739
48218409
26402915
106325799
25081545
20368823
56786863
22023271
76421361
21433766
32593323
106862020
42177046
70417341
41305092
39539287
46757657
50704539
136980365
11334030
10077311
17992276
25227057
16994582
10518966
11577526
18425063
18426903
14715884
28066871
70636898
79979228
15030244
79783808
43651312
29347841
70636764
51999395
10518962
44770094
116398818
16337290
112737370
12117854
66598793
44770337
14716400
140796933
23464433
29674728
103726837
59862527
16703703
21334951
11976316
111763447
16081658
34891941
60073810
15760549
10866610
60456558
30558607
64447272
16081661
82473874
20896292
68702781
45311963
19312698
18225504
70416267
31587650
47713778
79013414
50704840
24889831
16186068
82689382
11163821
21883726
88623371
100678154
28370410
76422052
15024362
18495554
11334320
15989527
74110390
108917835
12497715
28564351
18266412
26841435
15760444
96636923
112864286
51160881
52822369
88017906
23464438
76421532
112737887
60257641
132625847
97205385
76826576
19207676
85851376
85073884
76421790
12406775
60073430
107828204
43058584
16995163
71471242
44770647
61232192
33651168
10518948
115023211
26562416
69580523
10722290
14715885
20509258
45987278
45313507
18224213
11222075
48218728
11334326
111529474
116174585
63834196
15184041
44911311
13433467
45312845
43058587
23120868
33799360
39539288
111408746
54344999
51377388
14716575
69371702
103544012
68985248
17836520
17721699
20896190
115847981
12601739
115354625
10077303
21436234
44329241
16357962
76421528
106572567
71857660
45490392
20077045
11976619
59862669
13225230
10468812
89000338
108376714
49488824
54769967
21174124
69371825
11577535
38126280
40945901
132208650
15024361
27235076
75214466
20896297
12706933
12406681
79783715
115023160
25435018
23466757
111875124
113815011
40796690
45812880
25607197
10469111
28370398
82473959
64447156
76239409
73945339
39539290
17143062
10862638
17295423
103544066
73709686
47101792
15857501
10591394
96433082
74583454
39719352
15644190
73282537
99330999
104302762
10077314
78250470
11162775
29043645
12760074
81706795
137756839
23120867
12820151
11401563
82301770
14944361
65364643
108641654
44909682
13057100
70835689
68986037
18139068
103922121
15988236
103354056
111763152
10167525
78623685
107828203
108516900
61478310
11333970
17297684
15024484
106326015
11079036
82301850
42376922
28198932
62237781
46372776
22669906
18122064
17141262
73945589
15988238
50097727
96239590
33316653
26261006
101612340
10604422
16357967
58633840
61226885
12209748
14761582
15644040
17836742
39719354
12600973
141092389
97750737
73709911
12117717
116290082
29872245
10862640
25746346
10723290
71857725
52821984
13417496
88419679
97543294
141507054
21334936
23632366
15642906
13056133
11334224
11688085
42871161
13334969
10518952
13526548
26562486
10958856
19176365
29674939
51378132
88419677
57399730
20890601
78036851
16830777
62913740
27551210
14716247
75419783
70415892
30230078
30230079
42737140
18829323
41461300
75628698
76072236
107686819
42026572
115475855
75629153
32795317
115944214
29519778
24889832
39892097
116398824
114778496
41825695
39172987
76420982
10518964
16077069
20639385
61232361
12497705
32911691
115122676
71857661
75854580
18427390
15024483
14442254
114285808
65581183
59862749
71857201
50965858
10518893
104888956
47550655
64206818
59038198
19945310
109427603
105446231
59415208
16830773
23119252
20896287
12706941
109943681
10958852
11489052
18675868
72268985
131199396
19209534
51377391
56567426
68702789
71856667
132118395
10518969
107007155
17996408
73709943
32253080
68987883
26841507
75010014
39892103
50097719
116398852
12759922
10468662
53031639
68702889
18226254
19208442
138550124
51999397
42870270
136980361
71471342
51589771
15760553
108113654
41133496
139018340
17808147
11688007
12057010
58403845
18674337
16705712
22905226
18427397
91584323
35532351
115848068
116525963
34531305
111762950
19312394
23119248
93196133
15024481
130179171
43651306
10518980
24098572
112864480
16077060
10591290
111763798
29869903
18261468
74110386
44174676
14716508
131112600
112864530
30921495
59038203
73073915
41645511
23054115
14716568
22732153
65581182
28370405
16187992
94832363
110434626
47713659
18676183
52192472
46192607
26715700
27551204
75854400
22905225
16357754
23632525
74583456
140408837
30413035
114902444
19340334
45813027
10723737
17836085
80365810
107550439
30727305
17295521
118258616
103543869
76239593
58202168
33799367
19626809
72035680
107412131
104514344
49488671
16068960
54770021
45814114
91398761
27234783
64895439
47713648
13335043
46191733
12820168
16357753
115597971
19208351
114656211
44770535
51767757
10167524
78623783
11489036
140274593
68284950
15985173
112737367
75214606
75214602
29872628
65129486
56786864
75009981
51378130
80760120
63834197
68985673
13056327
130998501
13334972
18261775
107551181
54345115
107006998
82301849
32253081
15030243
17143196
76826526
61232359
43260865
67691074
40066060
107006997
76826084
107549062
33316646
31764753
82881265
10518894
69371699
112737885
16995166
46588583
105623722
75009948
25435004
16582208
20509257
47713194
48496771
15310234
131572672
66007710
33651178
15518292
69371559
12497710
111995456
103544009
58633149
24889829
15643205
10293269
10604438
137183692
12601741
132424841
37557089
110796772
107686993
138066892
20509250
71471709
72268647
27234782
73709807
32086558
137961040
59037944
13056879
68987741
48219788
59038380
44910685
108917836
43260861
22147145
11333971
57994768
55335511
60074118
42026573
16357968
76826188
34531266
15355820
76826081
71471634
137756842
80938721
10293267
116398894
26562655
41645504
30230160
89000431
50505932
33651177
10591717
12759902
15518288
25607367
16189821
19312700
76826079
69168453
137961035
18425274
60257139
48218725
32409075
10723434
110293917
111278294
76826186
12496427
51767761
24256593
59039854
18676188
111763224
71856501
16828917
44909683
72417488
15024475
28066872
111159565
19312398
17143061
33479205
23334539
20753511
57790539
29674936
42870272
35407514
15519419
115599312
74110395
69169120
45814117
27406889
11976315
18225499
58633841
17143338
112129319
86846460
18425060
52822372
23632880
68985626
11857598
11974357
44910546
23632936
10215095
105083920
37201330
16337280
50505931
12209345
66432085
59639238
59038051
63834199
108795993
18427386
16081662
110068247
15988895
23632725
76421367
59221250
70415890
114528095
13225425
29519675
49488670
15774918
115598118
37384060
11488919
96636921
69580436
71471712
17996628
103354032
16069209
33799358
60257413
18139069
58404328
26562657
21174127
11334313
19117620
64447158
15760110
74110388
40586815
30230080
19312696
10167473
47101832
31587645
16357964
29674941
75628690
20508619
47713079
114179408
43651304
17836102
16705704
19208354
111408916
47362826
64894340
59037833
132118383
50704841
103543951
101995270
19626816
74380966
132702414
95025055
71618756
16994848
61879158
107686921
140592491
85443571
58633147
12759924
54606054
45311959
107551180
35942260
33316651
76826288
29674956
35247984
18426249
50097802
86846446
50965857
27406898
14716257
33799366
12600976
12759733
10322561
38664851
37911503
12406691
107139473
73282638
11780963
64447561
98537362
108376589
12356831
74380894
66216067
116173981
11079040
142206238
70636605
48696651
68079753
33799368
18138578
11577531
111044467
52596143
54770038
20509252
30413037
39539286
79600982
110068439
45132875
12917555
13056882
82473872
19117611
57790657
70636606
17297686
132625887
12057773
15025929
11488925
75628890
35531668
11780960
42177423
17836522
18674339
21577190
34891949
15895246
12496809
42870744
111875912
17995564
58819505
115023212
115847933
93054734
16347497
20508764
98339856
68702887
115944100
71057384
43799034
112864382
50097554
19176356
12406682
92116677
90998723
29869777
70636769
29674527
49271000
25746344
49488740
10591499
18426914
89196796
138738226
12356829
61478434
112130802
72035684
16357757
69992253
22514885
23334536
111762985
46757542
106456469
116290139
14227737
21174123
22905227
23632367
138550125
16704018
58201127
15518301
66007552
12496639
138066894
103922054
62491294
110796942
80160140
12117679
24098578
14716052
20509255
16705715
52822370
12759734
57176339
38286340
46757544
24099188
17808151
100870883
109676387
109814904
108642099
95619040
79783812
20753515
141402341
40245366
60073432
71206043
63682390
12117856
23765875
12057775
51377800
96994975
116526022
12406684
23464560
43454006
76826187
23119254
111044234
30230156
25607372
104888960
61232186
26562414
17723126
111409297
77235020
25607194
50704548
137283235
48218729
11334160
69168955
142654522
47713317
46372708
107278189
112864381
22732076
10958949
49117657
47713078
12821138
41461302
39021000
18829299
28370399
16189829
14944364
59638745
107278185
24098573
26562647
10723342
20508615
111529365
33799361
139115218
60456244
24608908
65129488
14716574
116526085
108516658
67194175
33799359
37018130
24099184
106572568
61879038
23632620
15519339
104707072
12117796
51999401
18829426
43651307
13417497
44175039
16080541
12117793
49271003
132625893
132625886
28564179
112864255
16830774
15144058
49668889
62700882
27011642
16582267
34892162
10468960
75214467
15515966
55187393
28563966
11163936
20751138
116525983
44909681
24099203
46372779
47713197
72864771
64446440
85851374
27234771
23464556
73945336
13225135
11401564
72678855
28732671
73709806
18829424
11688008
38474586
18226248
48496897
60882694
63298139
23938292
63115020
95619041
19117616
70415886
10371316
43058357
75419599
16189823
41461298
22669902
11577528
48496896
71618267
107957109
53451985
47713645
68985916
60456477
29519169
75628958
36319615
105790515
139408622
23765695
19312689
71857047
10518830
60257274
11576217
116526083
10862627
39020999
15026650
137475049
65580575
42737141
24608911
24256310
50098115
71857662
70835905
35406983
72678761
20368837
14944363
26091856
71857723
15857497
43927460
42177048
17723064
142762917
17141259
16994229
42870005
15857512
69580435
15644272
45617553
139687514
16347257
55187396
18907748
91943018
54344998
12117677
20639392
19117621
76239413
112864288
62073563
111763053
130899784
104514448
104106297
137564460
11976213
17836531
98112888
58633150
42737147
36837948
53236714
82473876
15024482
20508616
61681914
57994881
54606050
11780966
61090176
14716037
37911600
104707073
75419644
57399663
103354057
12117790
72864398
17994017
58404020
115847895
131572603
111763845
114778448
68985807
48218735
10958960
95834047
59039853
20508760
17808343
10008092
26261010
11079032
111762988
58403842
55973750
107826287
15515967
15184039
104514340
47905179
27235072
45311987
42026570
11489041
116169889
132625850
15518983
76421882
47713075
25434190
53031637
14715872
15895242
18533285
52821596
24742517
64448052
84256748
10723676
106572534
132625892
57399731
18139071
74381084
23632368
116174569
54344995
115726754
64680230
97948667
42870743
67074387
105261238
110910538
61682066
110067915
52596139
40945905
73945587
69371489
106725106
12706934
109676389
102377363
49926231
44909680
138066889
14759549
34891939
42871162
111409296
67691071
104302758
17995566
88017907
18138571
10518947
13056340
14716265
103727491
16705708
59038321
130899783
42575745
80160138
20752671
40796693
79394348
111875745
69168452
18674511
71471238
35247982
86846459
60670235
78416383
13056620
53842819
50097971
86426801
129257876
15024365
104888957
10322744
48696422
16186071
18224214
27235070
116290140
11036373
68284949
15144074
108516901
47713660
45313725
14560539
15184042
20751207
139887618
111159629
47713361
36118692
18675879
40245368
54770023
16187991
116174538
106456474
18675875
31587651
137183693
73945465
44175041
79783714
17808146
30727307
15857511
61232182
18533286
23464559
21333956
10167472
24257250
18427396
24608909
10591520
11401566
41305090
10723741
11163875
75419493
32911695
21033723
132294156
27551208
11576226
33479203
21433767
16830269
69371487
45313658
54606053
16995889
87234892
113111260
107826288
23054118
52821397
18266414
16830781
54194586
115847868
96026396
59038032
20751199
43651313
14715879
94233213
70835680
20639388
71618280
14716414
16456684
27406906
16357956
15355824
57790389
16995168
16456678
12117855
29519547
113110743
18674346
10862629
13225424
18266417
25435020
10591533
71057586
67074386
26562417
46190751
17442145
12820161
17836094
108515241
15024463
11333969
79600943
76422053
80569313
59220948
43058601
110796895
70416079
140408838
110068438
109814905
20368839
14139873
24742523
10322567
19208872
61226884
16995165
22282361
69580867
68985247
11334324
17836524
107828507
93054731
34891948
29225307
28370403
18425266
17836744
12209344
92116674
29348008
97391479
13056349
30230158
105446210
42575744
74380683
64447890
23120678
71618884
10370707
10865051
111529288
115023062
11334130
90582988
71057583
111278295
17295651
116063794
18829324
112864289
23054116
17295422
15895244
44174675
10468959
101045286
35781626
16357966
16994716
42026569
23053330
15644132
28732664
78416329
108113026
57176340
10370712
17295421
13695344
60257143
13225228
61879133
28198920
116639169
48218738
23632624
52822366
75854690
25434189
110293795
37557085
12601083
40245325
23765874
16456677
66007847
29674934
70415736
73282539
26091837
11488922
71618883
10469113
96798636
116526023
114527900
69992391
20368915
59862697
97750734
11334230
73709942
15989518
14716253
24257251
68702778
108112926
19337854
17721698
59639039
132208696
111409111
21334940
10958854
69580650
115848042
26261005
20508625
66598794
18266407
34195043
71618596
43454433
73709808
45311960
29872631
105790464
11334131
20509253
64893919
61232189
15144077
69169121
35062953
41133579
51160876
45987273
78623784
16994717
107687013
69168657
98112890
34891938
108516661
18260565
11222077
65789463
75419492
29519781
13056886
45312844
15774908
31444100
64894282
24098576
15144060
115121708
19208355
64206716
34011440
28861786
58404327
110293799
30558849
52822175
75854582
115122618
47362782
12057772
48064567
15144054
139018339
50097553
92662266
43798549
84856224
47713077
111763052
16582405
71857217
105446105
110796891
59415210
21577202
75628892
95834049
18261776
19176353
11222013
51377660
14716569
55973749
108242435
76420994
23466765
11334229
13056878
44329245
94012869
107278205
49270940
17297979
116398928
20368925
51589767
48696424
75854398
20368913
113475727
107686876
12057771
33651173
19209683
16582400
40245365
108376563
131572601
75628692
16069162
111875697
25435023
30230303
56385452
106456427
63115018
18266409
10008091
11489033
98926866
107686923
38474583
10322558
11333972
43798462
49117658
113110834
57399666
110560208
29519672
38126273
138738222
71856588
30229957
114527960
38126402
13931009
18261778
132625888
60257277
81102216
111875698
75009801
17996631
55187394
17836530
21334037
78826195
13821570
70835809
46588581
11688084
115236918
65129305
51377392
48218726
15025930
43260863
15857518
64680226
15024479
10591518
35247994
10518888
50965854
19210287
59415212
94012873
40586813
23632882
18674602
57790381
59639063
69168723
10723619
92855016
75215091
69790822
10518968
60073812
25434187
44174678
16994718
74583521
15515700
69992252
17721715
23054335
24256591
111763625
70835983
15760548
112864531
20753867
115354790
49666829
10723402
79979231
18427381
19340339
29675237
80760074
47101793
15644042
19208446
10604437
48696648
24098567
57399253
76420823
28564181
49117659
50333426
17143336
64680538
51377793
13057110
39891739
16347499
47904975
115598877
24099183
18675874
114781013
75854396
42870276
78250478
42736867
65789458
59862748
15025928
55785855
43651311
12497713
53639896
10322562
111763395
10467876
106456406
23632466
69168825
15642870
77632772
29519685
111875121
51589766
10865049
34011446
18674599
15642868
49488738
19312699
14716263
10077307
34531267
79394429
37557084
13056627
56573696
78036848
22732155
63834195
78036846
141894521
115023132
21333961
16994842
14759774
114179410
34195046
138827046
21033500
19176355
13695345
15355822
29674929
70416016
105631842
108376755
16827459
110065614
10723288
65580572
17721701
59862693
11334314
74110625
72268764
16068964
35406981
49488743
75010081
17442142
109178532
16077058
113234905
70636899
48218943
35062961
10591425
112376766
77632767
70835686
43454005
20077051
54345118
108113189
15988240
14039187
15518281
18829307
44329240
12759897
83075190
16994840
78416382
74583455
10322346
109427717
17836526
115848067
112737937
42177425
58404018
19210285
140408835
112863992
45313724
25434185
17994020
47905174
12117716
34531307
115237174
43260811
73709803
24256592
64893760
45490394
116525982
44770532
18144398
96636922
88814101
93196132
12209746
16582256
142469750
59039618
111044517
110671149
12496804
43799036
19312252
59039696
70416081
16337279
33799363
64447886
42575871
10958955
11334173
111875746
18426251
115122538
93638284
68526963
47904984
12356817
49270942
19117613
14715880
111529439
43798547
78826197
43454155
15144056
29347720
16706459
20639386
35406986
115023244
78826821
100678155
19312255
19339130
13057107
29348006
107686922
10591393
46192612
39172993
10468817
21433768
55542367
65581180
27406892
12759738
70415896
10322752
49669059
23632536
139216999
116398781
72678762
17143059
70835986
23632727
58201116
16188001
46191358
69168826
97750736
19340084
23765878
69790774
59038548
16077062
66432223
71618272
54345109
15184035
62491298
22023280
108113024
100081247
104707243
14759776
47713297
19118797
12209492
107411079
115847871
34370134
16828411
29868468
18425271
17996413
39364090
81317432
85651347
19337848
61681918
20368822
111641482
58201125
108376552
77235025
12820159
51377395
17295503
86041449
63298143
17808150
111763153
17297688
12601738
59221282
31908633
53639727
62491293
30230026
79394345
66216064
26091829
26091836
57790542
18674341
25435014
72678857
29869772
79013415
18675872
17442140
51377797
59038551
73945590
29869767
108917903
59862698
11222130
28861788
17996410
112494615
23466771
106724968
30229958
106326236
94832361
16080546
13225423
10591395
112864465
29872155
15024360
70194174
76072234
61232193
16357747
75628689
107957073
48696423
16456680
13931008
15988902
15024476
11976623
88623375
16077064
59639237
75419643
142008319
43260864
35532350
115122539
17996407
62237779
111159533
17723128
66007709
15144071
60257640
15024363
96433083
104303026
69580869
74583460
18829429
61681916
47713643
115847980
42177581
55187332
107410663
64447271
28564348
15857507
15184038
10468966
104514343
12759531
57596651
10958465
114656052
114285807
106326014
68987884
21433778
19209575
107828504
74110744
34892161
19481326
108113760
10008096
19945311
115122542
47905176
138256381
58404326
37201329
29347721
19339128
47713773
59639162
68985913
90998724
54769973
108516659
15758771
15774922
12117794
45814116
42870146
30558851
10322344
10591429
131572602
49926234
61478436
21334035
75628697
59415134
140901409
90217647
82473869
43058600
79979407
116398879
64680446
15895243
107139249
24608918
50704847
49270939
35531670
71057388
83869003
46757658
105083964
113234717
14716243
16582402
103354573
113110836
64893761
11688005
30229945
75854397
116525947
17836542
12117571
112737940
44174856
22282362
53451981
16828408
56786859
16337277
115122543
111995473
31444101
88814100
60456397
36118693
35942256
29347613
136882090
25607207
59639125
78623682
15024469
82473871
60257638
35532349
29869902
21334934
47550649
12497704
116174566
67074485
106456324
27235069
40586812
38126276
21334036
10371312
42870745
49666830
47550652
16705703
35942275
71471239
19312702
41133577
70636765
57399662
31908627
11486605
60073813
111763946
79783716
23464436
47713418
105083963
44910678
97391473
65364639
16187986
12117791
15519420
17143070
27234787
113586734
15515709
18907751
23464431
109052896
65581184
12057009
72864573
68987882
12820146
12496645
20890600
79394344
59862526
48219784
15895239
10322551
17143339
38664849
10591450
33651063
41461301
70835901
46894396
59639065
12601183
74110746
101995268
42177053
12209747
18260574
18139078
73945468
111278510
75419698
75009950
83266326
25607206
110065391
14716256
59037834
10958948
16069121
15026653
66007554
103354441
140991742
110910542
17141258
33112761
49488667
111995344
50704843
72035687
10862635
115122583
27234772
10958473
107278234
30230027
17297973
15024489
10322568
20223009
77436794
42871163
18260569
105627673
107410782
142379288
86250532
32253078
45132878
77632766
103544068
30230030
29519683
34892157
16077061
56185608
44770536
14578678
92294786
15760665
110796843
46372676
112253011
17141261
11334231
43454431
57176338
17723063
42737142
15030255
18261474
19312260
110293857
108515624
74583457
114899847
70835985
38286339
10322560
111763051
71057385
12917556
112129231
10518923
106572504
12496807
79783810
13335036
36491117
33112769
16189056
34531268
43798546
47362829
18226243
14759777
53639891
50097549
48696606
29872627
13056617
23054119
72864692
12117789
71857213
112129474
112864478
17836745
64446436
11163841
47906562
139887619
57994770
16189064
63298140
17996629
31587641
141894519
56573684
17143060
102539860
20753510
23765709
78250469
98537336
74110742
72864400
14944366
10604423
111529374
11334316
112739244
12496416
17837130
43454279
45311966
19626801
55187395
18224204
60456483
138443937
84856203
52821597
78250472
11163820
18674596
87234891
66598860
17143058
11334125
91584324
58819389
60074121
43651305
12759535
13056341
12117570
58819638
19340081
66007849
114179411
19207677
44770093
111995240
44770651
73945335
44174672
142379287
110796888
26562645
53639638
30230300
11576234
17996532
114902443
76826578
54194585
61879130
11488624
79979235
74380834
116290167
112494617
21436239
107957045
95429128
43058362
73709805
77038203
50097551
112493673
142292807
47713362
11334236
10722243
71471236
42737145
16186061
40362627
11576219
111762993
10468663
46372778
47713647
50097968
22732152
55542368
18261480
11163795
61479598
131572700
111995453
11163797
16582264
108112927
20752673
17836527
28732658
10370760
108796238
61232183
138443938
10293277
10722238
10371310
15026649
20509259
30230306
38840702
43058360
16357755
62073566
27234779
43454124
19481324
97750735
15024470
70416271
106862017
38126282
59862694
90395812
36837952
45987272
12117792
22022870
21174126
34195047
73073865
19337855
109943843
63115024
45617555
22669910
50964773
20751141
21334939
16077063
23120870
12117676
91398759
10604424
17992275
23119247
74380833
16703756
73945338
27406896
29872633
18224216
15024486
69992254
73945337
12497714
45490393
39892101
112376830
50965483
69168450
42870142
27406900
27406893
76420992
18225502
12406774
17295495
12496637
19340330
15518981
16347500
136787795
22147143
69790823
73709908
42177063
80938723
138158553
14716041
137564461
10215101
10322746
64446438
52410528
69580502
55785858
140384713
51378133
76826397
51160878
16357972
38474578
78826158
77235110
46757528
64447153
11576236
23765868
27234785
16994858
75628693
46588580
10077316
16080545
107139102
15988228
28370413
15774923
109555449
10322559
63482049
43927434
48696425
34370126
18907756
18425079
76422056
107829222
12759903
29347840
54345297
15026661
18674597
10077308
39719350
71471405
35781621
21334935
15760666
29674932
44910679
48696427
10722236
16187994
111995452
10371315
12117857
41461295
49666831
44910677
17836536
59038316
39172989
10604428
44329239
30059923
18226253
61479596
23632623
10591496
53639728
24256588
78826817
54770025
18144400
10167469
18139070
14689350
13056345
50333066
12356816
76072235
107826289
114778447
11401270
10958951
53639732
31269243
114899848
72864401
59039856
53842823
11489143
16830079
110293915
27011645
58201339
32086557
54769966
34710290
12209740
42737144
22023277
23466763
10370755
103544070
69168454
19802439
114404057
108642551
65129619
18261774
23119253
69580758
23632626
94233214
33651169
18427389
107278233
44770096
25081544
59862692
49488741
13057104
10322347
58404019
112129230
90793042
18261481
108515623
56988332
16994359
44329236
112376765
74380964
12820164
16347502
78826745
100487943
49270760
116290142
10958468
16828915
70835805
28563969
21436246
30230161
28564346
71057496
25607371
58819569
142469749
131572671
41305091
42736868
63115026
94425759
105261177
48219677
13056616
11976496
23632937
29519686
14560537
68702971
115023269
11333915
51377796
54345111
32409088
50704845
108642105
64680344
15774901
62913914
10866607
15025927
10958950
40362626
111995269
19340326
18425273
39892099
19209674
10591718
42177054
33316650
43454434
112253009
15760034
74583626
16830083
69371491
22732075
30230302
11334148
12117858
65789459
15025925
124450697
113234703
82088229
21333959
78250518
57596649
107007390
64206820
44909679
30230025
46191734
44911312
51589770
18261773
101995267
56567428
24098571
31269241
73709912
55542363
43454002
144868558
34531328
25607378
16080540
25607375
22022887
17836091
114179406
76421362
46588582
16189062
10516602
11334221
24098568
71856790
64447887
19207678
114901604
11488619
12209753
17996625
103727145
109555448
52821396
18224215
28861784
15760550
12759913
112864043
36837954
29348013
107007153
74380968
70417346
17143198
45132876
62913743
33112771
69168836
54770026
103922000
69371701
92294792
68985917
25434183
111763835
77235115
19626804
11489043
12601740
60073438
36837945
48496772
49926224
78416333
78250517
19312259
11488918
11488924
44174671
29519548
11974369
16704017
131199321
16582263
11974368
62238004
10077310
17721609
29519168
10516577
13225133
115476916
65581185
22514882
18261781
38126279
108516841
49926235
115847893
58201608
22669908
111763821
17141266
17297689
104888658
58819716
114656210
24742525
108376754
14715883
51767760
84471409
114285806
11036341
10293266
114781073
62073565
108516844
108376564
56185610
70636896
71857563
25607182
43261004
14716244
103922083
20368834
50097552
108516660
16456683
11688006
16703762
12759533
51377799
18533287
82473873
15642910
67898749
111529342
20223006
42870466
28564279
111763054
132208654
61232363
16994228
13526550
115848126
76826575
61232188
61090177
16828920
72035682
18261471
50965485
27861271
34531306
104888655
113814897
112253283
116174530
30413033
111763085
111529233
25607369
75009705
105446209
17723130
15144066
16704240
139501549
24742526
10591495
70636768
14716248
17723127
12821139
11489154
21174115
43651303
15644222
62073570
10723291
11334029
132424843
68702972
110671147
11334235
14716572
71857556
44329246
68702786
29872632
29519689
45132882
24256587
17295502
15184036
14761578
49668965
110910537
35407512
26715704
52822371
131572600
69168724
15760066
74380590
46190753
10167470
10077297
36837947
10865052
60073811
36630218
21577189
72864397
49926227
52821985
44910049
28564352
49926228
13145639
10077313
41133495
62913744
54606051
13145641
18224211
15643207
79013413
139408647
17141256
50704849
93841192
106023648
31908621
16582209
44770537
56573688
107550808
29674729
116398826
34531333
36837950
107826285
12496422
35532346
69790776
52192478
30727314
28563973
29347616
10723740
35406979
12760072
71857416
20896288
66598861
83663887
64893913
84256746
45313506
75214815
67194176
29872394
16704002
62913748
12117649
10723448
15643206
15760446
103543871
71471715
76072534
111529324
109943682
30230022
35531675
111763514
107828924
43260809
116174857
60882695
34011443
14716417
105631897
60670234
15642867
17295650
16830787
26715701
22905221
74110743
62913741
46191732
110068248
15144064
14716261
30921492
48496773
12820165
115122700
71856793
46190755
111763844
106572323
18261772
15355821
38126403
46588578
105631843
15758769
22282299
136787839
47906565
15024364
15985175
19176351
21033612
98112889
42871156
16995052
16704016
13225136
107686877
15758760
115726412
55785857
115847934
71857724
20751198
102748568
28564353
14227739
28066868
11489159
61879042
81706794
30230159
108113945
138066888
16347256
23466762
45987270
41133497
18224212
47713363
59863216
112864444
17143337
16995885
61226886
108376702
20076929
37911502
109815173
111763086
16705707
116526021
43651309
80760118
113700151
65580589
62491297
17143197
23765711
61478437
48218972
44910050
68985915
66007711
91942880
35531671
44174854
71057499
22282298
10604426
74110626
15774903
28564349
11163796
23938294
70416268
21334937
15518302
10723343
50965856
79600729
43927439
18225501
10008093
64894165
16189058
15760109
35062958
87819527
35781623
30229953
11976311
10293275
44909678
73709687
29869773
33651166
15144073
84055941
10723436
18425072
87614863
14761586
71471402
111875870
16337293
44770648
69168953
11577532
16582108
14689349
10518967
15988234
18266408
78826815
90793044
110796794
90582984
44909695
64680346
70194373
42870266
111408603
12356818
19118804
70836044
16994581
30727484
59038052
71856500
21577191
10958947
34531308
10322345
112989274
48218723
38286344
18907769
31587644
63115019
16081659
16069208
10322340
84256743
10591449
111763624
49669058
59038197
79979230
20508761
86646710
70835902
75628699
11401273
84471408
15515974
52596145
10370758
73709804
59221309
106456323
42870567
114404058
70835807
12759899
28564350
112864481
91196031
100081248
107826284
70194033
47362825
35781631
16582258
17996406
81102215
23053329
76826289
56988334
12917558
33651060
110910540
50964771
10322756
12406683
108242736
16347498
16995886
105261239
112130466
111875909
61232185
44770099
48219786
113814820
43260807
61232184
10370706
16189817
29872395
24099187
107278277
11489160
89000430
13057096
37384056
40245364
22732154
10723292
58819384
97948666
36491118
16704008
75009947
18676190
107687033
59639193
71472183
22282297
65581181
13056873
54345108
14442253
67691070
115848016
19209686
12117674
14716262
115943969
114901605
79600746
10788579
108917865
70194168
43261007
33651172
39172992
16830778
16357749
12117429
132625919
29674725
132625924
110910488
96798635
10957714
21333943
46757659
111763068
46757655
14716040
24257253
46191726
47713294
19209677
103543581
28564354
29674933
74380594
64894285
14716411
103727458
25435019
109676227
109555586
15988471
22514886
12820144
78826078
65129306
44910683
26841509
114780967
60073434
16828922
10591714
23632935
79394387
66007557
23632370
23466770
69580649
35781628
11333919
71057584
42376950
33651171
19340329
12759538
34891626
76826082
75854402
29347620
69168451
115726744
11163036
106724969
21333960
86846443
29869906
11036372
32795315
106862004
29519546
45813108
19626803
82473877
18261469
13056331
23466759
21033724
35247985
78826126
17808336
12601181
16347255
23632535
59639059
53842822
22669909
27406890
14715882
10215098
20223010
26091838
10322342
70194170
21033503
137660666
12209343
25607201
50333068
28370574
131112433
111529375
16703757
116290156
16994232
115236915
140083816
46191735
12406744
78826160
24889830
59639163
107550440
16582262
43058613
10370754
10723397
113234702
22023270
18138567
83663869
62073564
16994843
15515707
16189809
67499154
52822368
25081546
16994335
113700128
79783811
16994591
14715874
50964770
65364644
16357748
64206719
20752675
137660667
42376919
30230031
14716570
77632768
16188000
12759534
59037835
66216061
61232187
137564513
26562648
16357963
76826078
15774907
19802429
11577527
17836089
16706219
12759539
111763369
35247981
10604425
21033725
92116676
18138582
75628891
60670232
16189831
20751206
12497706
108641025
20751200
102948504
14689351
13225132
54606048
11333923
116290083
115122541
32795314
70417342
13433465
11163819
110434577
84660725
47905175
40066061
24742519
82301773
43454157
44910686
15760449
11688009
21577194
11488623
29872396
29347614
20753514
25081543
110068146
22732169
12820169
33651058
39364093
11163874
19176350
112737330
88221178
10591291
35407517
18427393
44174677
69580861
17836743
18266415
115122520
59639269
23765713
44329238
10723387
19208873
54345110
87614867
129257875
76422051
84660726
14321303
15774909
69580434
17808148
19117619
92116675
111875145
112618530
10371317
23466756
108242691
44770533
26091839
109555587
111995455
39364082
37911595
16703697
47713295
87819542
79600643
20509249
108242729
38840701
64894068
137756801
25607510
19340086
110910539
79783717
18426905
70835685
59038207
50704547
71857415
113234706
23765867
80938722
72864574
15515704
13335042
75628695
76826287
15988472
66007560
16995053
36491120
15895240
21702120
74380893
50097813
14715886
76421366
57994884
34710288
68985808
103921998
11334135
11222132
14227731
79600981
21569892
116639170
111763992
11333925
34369934
34531330
110796955
60257142
107686939
73282540
96994973
64206715
108113759
42871160
42870147
49669060
103727457
20751211
16706223
63297947
52192471
50333430
29519677
47713195
105790543
23765871
20223017
71057680
132806312
17808339
10468814
60257141
29043649
22514883
18425070
12356822
61090179
132118382
33112763
100487945
105261180
30558850
48696654
48696609
47713193
141402340
23765706
107957044
62491299
10468815
16995056
66216065
10518829
100487944
59039619
43058361
42177582
44472941
19312253
67194178
62491296
16705706
43058595
23466761
116063795
15355825
10722288
10167527
112129232
40066062
83266327
72864396
64893914
15759817
139313082
87234893
88017905
12117434
58201118
49669063
32911692
14578673
67194174
23466766
10322550
10077315
15030242
10958851
18138579
17721700
18829292
22023274
45987277
30230155
12706937
18674598
115598878
52192473
46372705
69371945
11036374
48064499
43058825
12496641
75009799
25434197
18674513
30413039
12209755
110178509
34892179
14759778
16347258
29872249
28198930
12820156
18138576
64206905
72268645
71471554
63115069
34370129
53236716
111763154
12496418
21033504
65580576
111763822
16081660
141507053
136787856
92294790
19117618
82881264
63682389
39021004
47713081
11576220
15026659
137756838
112376853
48219783
26091825
33651174
139217010
79600944
53639730
78826818
77235121
75010013
110796775
39021001
14759779
110066049
73073917
64206822
16069205
69580647
22514889
51160875
63298034
24256590
10454600
18226247
18266411
30230090
49669061
137961039
30230024
43454150
16189816
11688086
59415211
18427391
125882529
14715881
11576216
44174531
72035850
49488823
81102214
59039695
20639391
11489034
97948670
75854688
75009704
132806354
27011774
10518943
16994719
11334315
108376737
21033610
47713646
77235018
72864693
44770361
132118436
63682393
10862599
71857554
11976214
45132873
21334942
19209573
69992251
57399733
35531669
140699361
18226245
12209815
81317393
77235017
71856589
11976317
59221310
18829290
111763788
17808152
23938293
18674363
62913842
20752168
52822174
56185604
71206048
106572505
71857419
36837956
104514447
56567432
20368827
67499155
32795311
16994598
71618278
58819315
33799365
14944360
105631896
19340346
50704543
71857414
74583625
16582403
11488620
107139471
10322745
10516599
70194303
16081663
40796692
72269032
68987742
72035681
71857545
114528096
112737943
62237780
38840700
26715706
11036338
82088230
94627252
20368821
22022872
15024477
10370750
20368919
50704844
111763423
59862670
16706468
54345296
131296885
116174858
28861787
29872634
115847952
113700185
65581188
21174119
52821598
19312393
15030256
65364640
42575877
29519682
40945902
28370614
80760075
23119250
15515708
66216069
21333958
66007553
45313657
25607204
16337291
59037844
132294127
81317394
17143199
61232360
51589768
28370411
50332763
54344996
10723444
46372703
116398877
46372706
66859264
22732156
25607184
10467878
112376791
18122066
71857046
14716573
17143069
18533284
75009982
15515971
111995451
57790343
64012925
12600974
15519046
78416330
58201340
59039617
139217008
29519171
111763789
25607508
41825693
115726239
101808421
116398927
22514880
27234774
19117612
110068147
51378129
12601184
17295646
39539284
10468665
12496647
71057382
64680228
24462113
42870465
11163037
23632465
18425277
103544013
60073433
84055940
76421527
70636771
130899749
69168659
72268700
63298032
42737148
15642905
14944299
111763834
86646711
23054336
67499152
53031636
10469010
111763156
10371318
99126844
16187990
52192477
116526020
78826814
32086560
71471243
18122068
45313659
132118384
49926225
112376737
71057585
30230083
112129229
17723066
98339857
77235114
11488915
69168456
66007555
19802430
15985177
17836086
69371827
90395816
29043646
114527961
107829029
38286332
18675876
103726836
78623681
59639240
17141267
69371824
28861782
115023270
59220078
15515965
16830267
10322355
27011777
59415138
42177045
12497708
42575740
15988230
10518978
24742524
30230530
103354443
21433770
49271001
111763370
13931007
30921502
99126837
78416331
116290157
75628897
64447669
78036845
30727482
52596140
54958701
110910485
17837129
64447884
85073883
38286334
114902407
41645517
108113655
15355827
15184033
17996531
64446758
21702115
71206045
12209826
12209742
43454432
69168658
18425270
17837127
68526966
114780932
38474573
15026654
131572701
105627674
17808153
12117719
17143201
76422057
74380967
69168656
102948168
24889840
34531270
90217646
41461299
11489147
22022871
74750970
12209827
23120677
98926864
15024464
14716043
33479202
103544071
23632622
11488909
94012870
50097723
116398780
132208653
18907765
49488828
56573691
23464432
21174118
10293270
11976219
55785860
42177422
58633839
29674931
137564468
29675239
12759527
16357969
108641024
27011644
79394385
141196288
109427602
43927438
23632881
18261175
34891942
115847737
76239592
111995180
10469011
53639726
111763566
41305093
19312395
19210286
48218727
115122586
110560214
66598859
59415139
72864503
130899750
73709685
103727154
15760031
28198929
18674600
10591715
49270761
21334949
103921964
14715873
49488826
18674343
70835808
20639390
20896291
21033615
26562656
18261172
106724864
18907747
81102213
16706470
13056134
87424146
64447267
35247992
19802436
53639733
111875222
58404022
39364085
23632726
15857515
72269033
41645494
52821791
114780965
44174673
76239411
72268701
17295515
44174674
16830270
115943968
97543299
43454280
17297977
61232362
54345117
11334319
18260572
93841196
37911507
108514793
17808342
10370713
57399667
15030261
20508762
10518927
18425066
56988333
37018127
102948503
94425761
136882094
19312687
106862015
66859265
19481328
41461296
130179043
11976499
15774900
10077296
28198924
39891799
50505742
60073809
41133498
107686820
62237778
105446230
107550441
10293268
15644271
14759775
67074478
115847884
80569312
19340338
132294124
20076932
110178512
40362629
22282300
51589765
11857596
111763210
131112601
65789464
20896191
47362828
132894427
105623723
47906563
29348004
107278160
54345113
12117797
20223015
71471241
19945313
109054799
75215013
16069210
131112435
39892100
11489158
45490405
18425083
51767759
10322339
111044496
54345114
110910486
23765720
51999400
29675236
46372707
111529443
23765873
24742518
23632533
10469008
21436243
48496895
105631807
10591719
21174116
17143194
78416334
15024473
132806355
59037848
108515240
114778497
49488739
131296883
76420968
109676226
47713296
39719351
59039855
130178979
16347503
18225503
14716571
18138580
107139101
32593326
112493462
11489035
74380912
59415135
11976217
37911599
69992395
43454127
24889828
38126278
19208439
26841434
115726241
12117648
37384058
16186058
50097966
101232964
58819316
12406773
35406980
14944359
11577542
12759537
76421792
11489152
48064562
64448055
32253077
18260564
81906193
29872630
64447159
12759904
105446147
111529364
60074120
42736871
70636483
18674338
104707244
11576237
114781072
12117720
25746345
74583522
59639192
19176357
29519681
64893763
103726838
17442141
60073437
82473952
137475047
18426907
15774911
140384733
78623683
10468820
132118394
103544069
62913911
20368917
13526549
18260573
64895437
12057007
19312690
64680447
107829449
30727304
10322557
73945586
13056628
15144068
50098113
75629086
16357750
107829223
70194304
59639064
116174598
71471343
11334321
14716410
60456247
10723482
19626806
58201121
29348009
64012926
21883725
16703707
20076928
56988331
60073435
10469007
12496415
107549059
131112605
10722235
30230531
17721716
115236916
29674726
12706936
142654528
52192476
23120680
65580573
17295501
49668885
54769969
37384057
116290143
29347727
15518284
59639270
91768797
111763991
17996627
31908629
29347725
39719353
29872255
14944302
82301771
24099185
103726832
107139475
16081657
71618757
53639903
58819639
27234768
15642908
42870271
107007580
36630212
108641433
20751210
53639895
11489060
108514794
46192605
27234775
12601182
16337276
111408601
65789462
107412133
29868476
21433772
138158554
11976618
57399732
10865053
23120681
79600806
25435010
11976656
111875653
16995172
29519165
44911313
81317398
60073431
50098109
104888657
18427399
24742520
21033613
39892098
51160880
49926243
14716259
71471716
20508759
46757526
50704340
18425276
74110387
59221390
42870143
48496770
20508620
85651345
43454430
107828925
11489155
34531331
75854399
56573686
85271269
69371703
47362710
112376850
58819706
76420989
28564278
28563972
100870879
62491387
42026571
23466768
109943844
75628691
75009702
71471240
19118808
16186074
59038547
39891812
75854581
24256589
68986038
57994885
106572322
109555450
10591289
42376926
79979308
12759909
50333429
79979311
15760067
116290168
115475856
115237176
44770338
111529341
18138573
72268983
69371490
78036774
104302757
115122584
75419598
78623686
83460839
111159536
15644189
56988337
29519234
13225418
15515703
10865048
77436795
17996530
13056351
81317391
21333954
140083815
63682392
14761577
72678760
105790463
44770101
111529340
111763032
112864479
76826080
17143193
137865431
71057681
70417345
10788582
47362827
116173982
48064497
116398817
75215014
88017908
115726411
42376918
27011772
79600808
24742522
64894168
59039698
106182431
72035849
71471556
23464439
71471707
10322552
113814822
116174539
17836525
64894339
17994016
75215092
19626808
107549058
10518965
111762951
44910051
101995269
12209814
11489050
59221251
60456559
65129616
16994592
10468963
91942863
20223014
45812884
48219787
66007708
68988053
28564180
59221189
29519676
16704013
132625885
21577185
39891813
59037838
17837128
77235111
43058359
11576232
113474857
29674938
47905186
140796932
20752672
116064214
41645518
71471341
56786857
17297687
21033502
12759530
109052789
16347252
137183696
109555205
18426248
93638283
10370753
28732657
112130455
110067569
47713774
16189065
112129227
16187993
42870464
58201119
53639734
23464430
80938720
10518963
70416270
20639389
19339131
108376590
113111259
17836528
66432086
18224205
17143192
29347726
22147142
11576233
10518896
102192078
10468666
30230309
75628696
27011776
12759900
16456676
24256313
21033611
19481321
33799369
48696608
14715871
14716260
111875312
63115074
18260566
12496420
106724865
55187397
81317426
15985176
21333955
57790656
10862641
53451984
49668114
59037949
12209743
25227056
115944103
108242436
28066866
28066867
137865432
139115221
58404206
11976498
28370615
71618277
45311986
72035521
23119251
74110391
43454156
32409076
20509248
10077305
71857418
75009945
30229955
58404131
141196287
115598115
30413034
26841508
13225232
111763585
30230029
71471237
71471636
82689385
18675867
17836529
17143202
15642869
19626802
62237960
41825694
58403841
23334537
30921499
100870882
10370752
14944298
49270941
36319616
69580762
23632934
30230087
17143341
43927435
60456243
12601081
113111258
130179046
76239412
66432087
16704234
21333980
43454004
15988235
58819501
42177044
63298033
112376739
13056631
30229947
59221090
112129316
140175782
18261479
28563964
48696610
18226246
17836521
79783712
88814097
36491116
38286342
18674344
14716266
48218955
49668888
24257252
19176360
76421365
18122061
48064570
84055937
16704233
115236917
75628700
53842825
43798464
115354788
38126272
39539292
74751033
46757656
64894163
107410781
38286343
46191359
27691675
75009800
10322750
14761580
28732660
106724862
19802428
78416332
115122720
106325798
75629084
48218732
19340340
28861785
11488618
76421368
47904979
20076931
15030252
47713417
63682391
114285809
12601185
57994882
96239591
18138577
48496898
75854687
65129614
89000506
12117431
71471555
59639127
74110385
20753518
59220021
34891628
16068959
59221154
70415737
18138566
48696421
114898300
137564514
106862016
106572535
45812888
17996630
57790544
113814895
115237503
18425268
28370575
64447507
16347254
59863156
10723622
11488622
39539291
30059922
47713416
17297975
10862637
111763012
38474582
16582116
115023133
24608907
79600745
21702116
60670233
34891627
11577524
60257643
42870469
107957055
89000503
64680345
35532348
28563971
42870008
41461297
10866609
27235074
39020998
49668967
59038319
69580759
110434623
19118803
11489153
136980366
60456564
58200974
86041450
64206902
15184034
16068963
79013417
38474577
29869769
24257255
11976655
125882528
81510908
116398895
111875804
49669064
16995162
104514342
112864529
60074119
15026652
137183690
10862626
111763513
18427400
15774913
59038379
73709910
106023647
19209533
74380969
62238003
26091847
16582442
71618882
14944365
38286331
115476918
51377802
68702973
28370409
12496643
17836092
86646709
48218408
142008266
25226805
45617554
51377798
58201609
37018128
115599304
13225231
52821986
108642550
137564465
48064565
50704342
12209757
20368826
78826816
15774914
136787838
114902408
29872254
45312843
46191736
53639900
12209496
58819567
44770336
139501550
111875654
107826286
66598796
35062955
69169119
112129476
111044490
44911314
111875169
12759895
52596141
10958467
71618270
10865050
25607198
110796841
35781632
39719357
64894069
16830782
44770649
111995327
56385443
47713198
75010137
13622650
71057498
107278235
79600807
112989352
10469009
72035853
49926233
28370612
142206236
109815032
16456682
15515980
110065615
71472179
31101777
75419538
77632769
75628959
12601743
48696420
112376831
64893762
10591494
51160879
110910536
43454151
61226887
14944357
110560213
10518953
68526968
132625925
23938287
33799362
69580757
103543763
59863155
28198923
76826525
54958704
74380593
61879039
34892160
61879129
11334129
45987271
136882091
31587655
45132880
115354624
61681915
33651062
57399664
30230084
111875869
10370711
25607373
15760030
115847950
113110744
137660630
24462110
78623684
83075189
104106296
18829425
16582119
62700788
71057684
132806311
16582443
65580566
62913747
103543577
102377364
10958969
138642342
78416328
61232190
20896193
16582111
16830772
107686845
11401561
80760119
65364638
80760073
23120674
17836748
11488920
20223016
48218737
111875220
18224207
11079033
112989297
104888662
105083921
115122674
29868472
71471403
115944105
11974367
41645505
78036775
10518897
16068962
17143191
12496803
15025926
96239589
46190785
28198921
59638743
111529323
58404023
108917864
79013412
70835704
16582441
14716506
16994230
15026657
65789460
78826127
132118381
35247983
10453948
35532352
18676180
11974358
16069207
12917557
30727303
108242690
103155930
65364641
35407515
11488627
45490397
57596650
35406982
77038205
59038320
18426256
45132872
11976497
110796889
78826747
13057108
55973918
106862003
22023272
19209571
110796845
57790537
34710289
70636609
17996626
39539293
11780967
71057683
103156443
94627259
21033617
111875311
114902527
65580587
67898755
15519047
11577534
141092390
21333944
10468961
105790401
108641434
114898301
56786861
88814098
58633148
19208352
63298138
111763797
142762915
70636482
37911596
10322351
78036847
71618416
61681920
15518285
69790778
115476915
19207675
15025931
111763033
16994333
44770095
30230528
12496811
70836046
18674509
107139472
76421363
10293271
17836747
60257138
30921493
22732165
35062956
10591428
20076940
50097722
49669062
12496421
71206390
45313508
74110389
12759896
20752674
15989520
110796793
10591293
115122727
30229959
116754448
25227059
107550438
17295427
15988893
81317427
29519690
73945588
16830275
61681917
16347259
30230032
11334134
46894397
15030251
57790538
69371830
69580760
132208697
46372777
37911602
29674928
18260570
15030248
10468811
64447888
44911322
11489038
17442144
110796943
50704541
10591540
44910547
116525938
108376704
12209744
50097724
76826579
23466767
22282360
35247993
72035760
25435022
16080544
42177049
22147141
20508612
110067571
71057497
16994231
62913745
36630211
35781622
29675238
124133102
139990155
50098110
56573690
44770341
115122699
13334970
140592490
53031635
18425272
16582210
15760033
30230023
21436235
12117795
70194169
27861272
29225306
13622649
16828921
64447160
13225137
31764756
111044324
103922055
44910681
58819477
114064435
60456245
39539289
73709909
51377807
14715876
116174484
82881176
12209762
39892096
59038549
10516601
15988896
13417495
76420985
10215096
113945187
43799035
29519176
73945332
54606052
14759647
12117675
19312396
107278161
71618765
115848125
77810223
112131287
38474587
22732079
17992273
42575874
35247991
34710292
47713775
111763209
34011441
27691674
15758762
38286336
35062954
14944300
53842821
47713196
30230028
26562422
10008094
15774920
15025932
16189812
16705710
63115073
48218740
17996411
33651061
112129226
16069160
24608910
24608915
30413031
15310233
80938772
10958466
12601746
23120672
62073569
16357958
58633838
75009703
15030265
42177584
42870277
72864505
61226883
72268758
39020997
26402918
29872629
139687512
111763446
45313726
114527903
47713316
27235066
90002381
71206542
23632464
37911598
76826396
43454435
23632372
112129318
108795994
18260568
74750969
11222011
40245323
137756802
138343420
35942257
132894426
29674940
57176251
16830769
15759815
34369933
71471635
34370132
34710291
27691678
49668120
105261130
61478309
18674601
84256742
62700784
18261771
115726240
11974366
16703761
27861270
107139502
107278232
138256380
104707096
58819715
35407516
69371939
56988335
10322548
42177427
66432226
76421789
110067903
104707103
59037948
25607368
18427398
111763582
33479204
59221389
12760069
21033726
68987740
34891945
10453950
23765872
18675871
71472180
27011773
112737938
58404240
12117436
11488626
50704545
56567425
109427716
10008095
44910544
11976505
116754447
44770100
15758768
14759650
28564178
23120869
19481323
115726751
27551205
46372677
22514877
115122585
34195044
17992277
131112606
19339127
30230315
11334323
14716413
106572455
43454126
76421530
137385291
11334181
28732659
115944104
47550651
46372704
43261006
43798548
57791063
16187987
115476917
29225308
18122063
69790824
16705709
12601029
28861783
28563967
16582255
16703760
12759536
10958470
142561985
78826720
10516580
16830276
91768798
16703713
68079757
40796691
60257416
16995884
43058826
12209739
51377805
76072233
18533288
19481322
33112765
10453949
10322564
78826077
12601745
11974363
104707106
68988052
74750979
29043647
101612339
59221089
17721704
104707245
114656051
61879132
68079751
47906561
38474571
116169888
29674603
141288896
16830268
10370757
39892102
112493671
16994233
30230085
110434576
144868559
19312692
15989519
37384059
42376923
20223008
17996412
11401272
32086559
16830080
73073916
61090178
20896289
105631809
73709460
34891631
11489059
10215097
109298808
35942259
105261178
19337851
45814125
62913913
29519692
42870269
58819475
10604430
50704540
73945333
34891947
37911597
110910487
25434186
114780933
46588579
116525962
83663870
138256383
33112760
21033722
13056890
12759747
112130801
61879040
61879157
65129304
70636767
76420976
26562418
10322742
45813030
25434184
107410921
12759732
113814825
11333926
13335038
47713365
107007581
13056615
30921491
83460840
34195045
67691078
29519551
19626807
52821391
47712980
12760077
26562485
28370611
35942258
76072237
75419539
32911693
71471639
12356825
11334219
57176342
34011451
104514345
42026574
88623372
42376925
17836538
108641840
79979233
11488625
82088135
25607374
16189407
111875144
29347722
11222131
109052893
16828924
17836746
111529291
112863993
70835984
52822365
33651165
16706464
27691677
18674347
16357973
12759908
16994720
72864576
11222080
11334228
10866608
36630210
13056888
17996533
14689352
107549395
110178200
49488744
71206539
64447161
62700884
17297683
51377794
111763944
15515976
43260812
34531269
12759912
43058358
57399252
16828919
63297946
46894395
28563982
111875168
78826721
132702410
12600975
68526964
79394346
35531678
16703763
11857597
138827048
38664853
23334542
47101830
43454003
64680229
23464564
77436793
92294783
34370128
18266406
18122065
16994580
10468810
10862642
65581187
10454601
24256311
19312686
85443570
75214752
47362709
30059919
118258617
66007561
54344997
56786860
40362630
39891805
72417487
70416018
19208444
112737939
108376736
18260571
15641906
83663888
10723400
11489139
76420826
11334128
51999399
12759528
10865055
26841505
116525948
59221281
23464443
45812887
18144399
107278278
71856886
107957054
20639393
19208440
14716408
104302759
137961036
29519691
43927436
18261171
45812761
29868471
52821793
50097559
53236715
64447154
11780965
18266413
114064444
34011442
50965482
16357752
60456479
42376917
46372674
20752167
55785859
111764054
73073914
33112772
115122519
16080548
66598795
23054338
71857417
29868474
10591292
15310235
59037836
10788580
59220947
107139474
48218736
103544011
62073568
15644223
10370756
74751032
21334933
69580756
65581186
61479694
16706221
18261173
30558853
51377393
36118691
29674930
62913749
23464437
115122692
111159626
16995890
39364094
44911310
113474856
109943409
56786858
18426904
53639735
112864253
11488916
113475719
18426908
53451982
76826394
16994334
64446759
20890599
10862600
34891946
32593325
27861268
10322748
54770022
64012927
74110392
50505741
16582207
19312269
30727306
32911694
46191725
21436238
52410529
79600728
110293916
19118801
10518890
70194172
18426250
139313079
16582445
115726238
10469006
16582404
15989517
71206389
115847885
21883728
137385294
110066044
111995181
107549394
38286333
107686844
53031638
69168950
93841194
51767758
48899024
44472942
29348014
10958958
45812760
14716046
50097973
55187331
73709461
20752164
17295652
83460842
111409109
75010138
12117432
17836084
40245363
63834194
97948668
19176364
23938295
59221191
65364642
15760551
62237959
16994588
60257412
69371941
29869765
16830082
55542364
13417498
11163935
86426789
79013411
62700881
16994587
18224206
100081246
44909690
92475298
111875805
18225500
14715877
91943019
10322341
46372675
24608916
43798460
102948169
15758770
43927433
11334170
18425275
65129487
17836741
106182236
39891741
103354031
62237958
109178533
42870568
131199320
81906194
107410664
16706466
76421791
54345112
16830081
11334151
16069164
16189815
142762918
59638744
42870275
41645522
16830770
23765694
19340087
106326235
21333949
74750978
52821795
108641839
115726746
111763422
109555204
21436237
12057769
44910682
69168829
13057097
61232191
12820158
58404021
21174122
72678856
64447269
17994023
33112766
76826185
32086561
15759820
24098574
39539285
15895245
10371311
108516887
22669907
12601028
57399668
44329244
11488923
30230081
80160137
12496424
137385292
50097720
29225310
59639166
113234906
14759646
28370576
26562415
74380965
12356830
112864527
38840703
49666828
15024359
44175038
16995888
10077298
107410918
111762955
81510907
23464435
65580590
79979227
88623374
16582401
16994849
28066865
16828916
56385444
80938661
110796840
18674510
30229951
29872398
10215093
12820145
10516578
10591424
44174530
10322571
77235116
71206541
87234894
12057011
30229960
62491386
106572454
107829030
36491121
40586814
95025059
29674604
19117622
140175781
72268942
10468809
46372678
52821395
11976220
24256594
109052792
11334227
13225422
60257639
64680541
19802431
18495556
17143068
111044468
58202169
13225134
12820147
116398867
29872626
10322352
62237961
70835683
29868470
62700785
19209574
92475299
107139248
18122069
11976617
115023159
55542365
105790403
18139072
29043656
77436796
12759746
142292806
76421364
30413032
23119249
75214890
20639387
11976216
45987269
12496640
85851377
108113190
41825692
55785856
18144401
28370577
48899021
47362784
18260567
20223007
19337856
13334971
17992274
80760121
15988232
71206387
71857045
59862696
12406699
138924458
112493463
70836043
51160882
71856885
18138572
15988473
39172990
64447885
17295424
14944301
72035683
36837955
116398868
48218956
104888959
50097550
10518945
100678153
136787855
67898751
48218734
10788581
12496806
12496414
12496423
56988336
47550648
27234784
29519232
64895438
42870145
27551206
15857505
75010078
16706222
57790547
132208651
18533290
110293856
29347723
75214814
115122540
11163877
18674595
79979312
31587648
61479599
44329237
25227058
11401275
106182432
50333069
10958469
64446760
140274577
11489058
10958853
138256379
25435005
10518922
32086562
12706938
50097967
21333946
19337853
72268938
138924463
59037846
114064453
113700187
101419269
45814115
111762994
53639637
70835903
18425074
49270999
55973913
29043648
23054120
16995051
73945464
72864399
112376790
107957110
82473870
27011643
41645506
72268807
69371562
16703759
13695342
18674512
64206904
20890602
16706220
54345116
29872246
75628893
18427395
70636894
19312263
42870007
10322354
12496638
59862668
39891801
59221311
114902528
38126274
138642347
23119246
139018338
50332764
11486602
12057774
17295425
18495557
103544067
91398757
75009798
38286345
65580586
20896290
113700153
17994018
55335510
13225233
10322747
70417344
48218411
59863217
72268806
105790542
16994361
51999394
11488628
51589769
70193918
103726833
73073866
106182696
102539861
71857206
18427392
16187998
42376928
35247990
51378128
21174125
15184037
72035518
48064500
29519684
21569895
132625920
23765712
22514881
30558856
12496808
109298809
44909684
52822367
23120675
114064431
23466758
30727301
108641841
49926232
17295648
51160877
22514888
107829445
73282643
60456573
16704003
78250471
59863165
26562487
45813106
73282541
50097801
74381078
85851375
30059920
115121699
42575741
75629162
76420980
19481320
15857510
104707242
108516886
17141257
43798463
45313505
11688002
44174855
26261014
111764053
107829446
14761576
15355823
19210289
61479597
16069161
106182695
43799037
82881177
41825691
10370783
16186060
55335509
18829320
91196029
50704544
21033614
28198926
71857044
30558854
42575875
10370710
112989351
21569894
40245367
75419702
22669905
57399255
16189055
11334317
49669065
57790344
19117617
31444102
47905180
53031648
20076941
39172988
17996414
106725107
112737324
107686994
20751139
24462114
72864572
45813028
27011775
20077044
15643204
15519338
64206718
47712978
66432225
38664852
18425078
50097972
12209752
89000343
21433777
90002380
29868475
19339129
15760032
10958959
16995054
19337849
44910689
15760691
11401562
113815010
17721612
111763568
69580899
142762913
70416080
64446437
10468964
64895448
25607187
136787798
75214507
16189828
43058599
10604439
16994362
10215100
16357756
10518944
132504401
82301772
16347253
64447670
20509256
38664854
10518946
64893912
30921500
74110383
11576230
107278206
12406743
70194381
55542366
29519170
38474584
111762949
56185606
30558848
35781627
17143067
34531334
55187330
29347839
91398756
57176252
94012871
50333077
44910684
45490396
15989525
59863159
60073436
20751201
76826286
44909677
12356821
12601744
30727312
70194302
105623728
25435016
16189824
18260563
18674345
14716577
15758761
12117718
112864443
49926226
11974360
34892171
11976215
13821565
132118439
18427394
43454281
10958881
23466764
57791062
59038378
111995450
14944356
84055929
42376931
75854401
15515710
62700786
10370786
111408735
111875792
20753513
15759821
25226802
64894071
60456478
22669911
106724863
53639639
137283233
109943408
51589764
26562646
10468965
111995268
47713462
15644136
79600809
16705705
12117798
107957072
42177583
38474585
105446108
18675878
71471713
50332765
82088128
107007389
20368916
113945188
16994845
97205384
40945904
30229946
129969567
100081245
21033501
77235113
53236713
86250534
18907759
30230304
11488921
71618592
12601742
50097969
111763397
113700152
28066869
19312693
12601079
14715878
14759550
44910542
108113947
29674727
19118802
10722289
16703711
52821794
10516600
12759743
15760447
69168951
111408918
11163818
11577538
51377394
15030253
50704846
112131286
16995158
76239414
66432227
11576231
12760073
27235067
89196798
26562488
78250473
74110514
10453946
29869766
110796953
